Waf: Entering directory `/home/kwonl/tools/ns-allinone-3.26/ns-3.26/build'
Waf: Leaving directory `/home/kwonl/tools/ns-allinone-3.26/ns-3.26/build'
Build commands will be stored in build/compile_commands.json
'build' finished successfully (0.967s)
5.01085	536
5.02287	1072
5.03482	1608
5.04591	2144
5.05606	2680
5.05795	3216
5.0681	3752
5.0717	4288
5.07359	4824
5.08061	5360
5.08592	5896
5.08781	6432
5.0897	6968
5.09672	7504
5.09861	8040
5.10392	8576
5.10581	9112
5.1077	9648
5.1113	10184
5.11832	10720
5.12021	11256
5.1221	11792
5.12741	12328
5.1293	12864
5.1329	13400
5.1365	13936
5.13791	14472
5.14146	15008
5.15027	5752
5.15121	6288
5.15382	6824
5.15648	7360
5.15908	7896
5.16002	8432
5.16092	8968
5.16528	9504
5.16618	10040
5.16883	10576
5.16973	11112
5.17409	11648
5.17499	12184
5.17764	12720
5.17854	13256
5.1829	13792
5.18385	1320
5.20628	1856
5.22186	2392
5.23402	2928
5.23591	3464
5.24559	4000
5.2494	4536
5.2494	4599
5.25128	4661
5.25831	4722
5.26362	4782
5.26551	4842
5.2674	4901
5.27442	4959
5.27973	5016
5.28333	5073
5.28522	5129
5.29224	5185
5.29756	5240
5.30116	5294
5.30476	5348
5.31007	5401
5.31538	5454
5.31898	5506
5.32429	5558
5.3296	5609
5.33149	5660
5.3368	5710
5.3404	5760
5.34572	5809
5.35103	5858
5.35292	5907
5.35823	5955
5.36354	6003
5.36714	6050
5.37245	6097
5.37605	6144
5.38136	6190
5.38668	6236
5.39028	6282
5.39559	6327
5.39919	6372
5.4045	6417
5.40981	6461
5.41512	6505
5.41872	6549
5.42404	6592
5.42935	6635
5.43466	6678
5.43655	6721
5.44015	6763
5.44546	6805
5.45077	6847
5.45608	6888
5.4614	6929
5.46328	6970
5.4686	7011
5.4722	7051
5.47751	7091
5.48282	7131
5.48813	7171
5.49173	7211
5.49704	7250
5.50064	7289
5.50596	7328
5.51127	7367
5.51658	7405
5.52018	7443
5.52549	7481
5.52909	7519
5.5344	7557
5.53972	7595
5.54503	7632
5.54863	7669
5.55394	7706
5.55925	7743
5.56114	7780
5.56645	7816
5.57005	7852
5.57536	7888
5.58068	7924
5.58599	7960
5.58959	7996
5.59319	8031
5.5985	8066
5.6021	8101
5.60741	8136
5.61272	8171
5.61804	8206
5.62164	8241
5.62695	8275
5.63226	8309
5.63586	8343
5.64117	8377
5.64648	8411
5.6518	8445
5.6554	8479
5.66071	8512
5.66602	8545
5.66962	8578
5.67493	8611
5.68024	8644
5.68556	8677
5.68916	8710
5.69447	8742
5.69978	8774
5.70338	8806
5.70527	8838
5.71058	8870
5.71589	8902
5.7212	8934
5.7248	8966
5.73012	8998
5.73543	9029
5.73903	9060
5.74263	9091
5.74794	9122
5.75325	9153
5.75856	9184
5.76216	9215
5.76748	9246
5.77279	9277
5.77639	9307
5.7817	9337
5.7853	9367
5.79061	9397
5.79592	9427
5.80655	5896
5.80749	6432
5.81015	6968
5.81109	7504
5.81546	8040
5.8164	8576
5.82077	9112
5.82172	9648
5.82437	10184
5.82532	10720
5.82968	11256
5.83063	11792
5.835	12328
5.83594	12864
5.84031	13400
5.84125	13936
5.84562	1608
5.87148	2144
5.88877	2680
5.89066	3216
5.90282	3752
5.90642	4288
5.90642	4355
5.90831	4420
5.91704	4484
5.92236	4548
5.92424	4611
5.92613	4673
5.93316	4734
5.93847	4794
5.94207	4853
5.94567	4912
5.95098	4970
5.95629	5027
5.95989	5084
5.9652	5140
5.97052	5195
5.97583	5250
5.97943	5304
5.98474	5358
5.99005	5411
5.99536	5464
5.99896	5516
6.00428	5568
6.00959	5619
6.01148	5670
6.01679	5720
6.02039	5770
6.0257	5819
6.03101	5868
6.03461	5916
6.03821	5964
6.04352	6012
6.04884	6059
6.05415	6106
6.05775	6153
6.06135	6199
6.06666	6245
6.07197	6291
6.07728	6336
6.08088	6381
6.0862	6426
6.0898	6470
6.09511	6514
6.10042	6558
6.10573	6601
6.10933	6644
6.11464	6687
6.11653	6729
6.12184	6771
6.12716	6813
6.13247	6855
6.13607	6896
6.14138	6937
6.14327	6978
6.14858	7019
6.15389	7059
6.1592	7099
6.1628	7139
6.16812	7179
6.17172	7219
6.17703	7258
6.18234	7297
6.18765	7336
6.19125	7375
6.19656	7413
6.20016	7451
6.20548	7489
6.21079	7527
6.2161	7565
6.2197	7602
6.22501	7639
6.23032	7676
6.23392	7713
6.23924	7750
6.24112	7787
6.24644	7823
6.25175	7859
6.25706	7895
6.26066	7931
6.26597	7967
6.27128	8003
6.27317	8038
6.27848	8073
6.2838	8108
6.28911	8143
6.29271	8178
6.29802	8213
6.30333	8247
6.30693	8281
6.31224	8315
6.31756	8349
6.32287	8383
6.32647	8417
6.33178	8451
6.33709	8484
6.34069	8517
6.346	8550
6.35132	8583
6.35663	8616
6.36023	8649
6.36554	8682
6.37085	8715
6.37445	8747
6.37976	8779
6.38508	8811
6.38696	8843
6.39228	8875
6.39588	8907
6.40119	8939
6.4065	8971
6.4101	9003
6.41541	9034
6.42072	9065
6.42432	9096
6.42964	9127
6.43324	9158
6.43855	9189
6.44386	9220
6.44746	9251
6.45277	9282
6.45808	9312
6.46168	9342
6.467	9372
6.47762	5896
6.47856	6432
6.48122	6968
6.48216	7504
6.48653	8040
6.48748	8576
6.49184	9112
6.49279	9648
6.49716	10184
6.4981	10720
6.50076	11256
6.5017	11792
6.50607	12328
6.50701	12864
6.51232	13400
6.51669	4288
6.51669	4824
6.5416	536
6.54349	1072
6.54538	1608
6.54727	2144
6.56799	2680
6.5828	3216
6.59591	2948
6.59685	3484
6.5978	4020
6.59874	4556
6.60653	1340
6.61839	1554
6.62948	1738
6.64058	1903
6.65073	2053
6.66182	2192
6.67291	2323
6.6748	2446
6.68495	2563
6.68855	2675
6.69604	2782
6.70204	2885
6.70735	2984
6.71484	3080
6.71844	3173
6.72561	3263
6.72927	3351
6.7367	3436
6.73859	3519
6.74219	3600
6.74921	3679
6.75281	3757
6.75641	3833
6.76344	3907
6.76704	3980
6.77064	4052
6.77766	4122
6.78126	4191
6.78486	4259
6.79188	4326
6.79548	4392
6.79908	4457
6.80611	4521
6.808	4584
6.8116	4646
6.81691	4707
6.82222	4768
6.82582	4828
6.82942	4887
6.83473	4945
6.84004	5003
6.84364	5060
6.84724	5116
6.85256	5172
6.85787	5227
6.86318	5281
6.86678	5335
6.87209	5388
6.8774	5441
6.88272	5493
6.88632	5545
6.89163	5596
6.89352	5647
6.89883	5697
6.90414	5747
6.90774	5796
6.91305	5845
6.91665	5894
6.92025	5942
6.92556	5990
6.93088	6037
6.93619	6084
6.93979	6131
6.94339	6177
6.9487	6223
6.95401	6269
6.95932	6314
6.96292	6359
6.96824	6404
6.97184	6448
6.97715	6492
6.98246	6536
6.98777	6579
6.99308	6622
6.99763	6665
7.00388	4556
7.00825	5092
7.0092	5628
7.01356	6164
7.01451	6700
7.01716	7236
7.01811	7772
7.02248	8308
7.02342	8844
7.02779	9380
7.04166	9916
7.0426	10452
7.04697	10988
7.05648	11524
7.99763	536
8.00966	1072
8.00966	1340
8.0217	1554
8.03279	1738
8.04388	1903
8.05403	2053
8.06513	2192
8.07622	2323
8.07811	2446
8.08826	2563
8.09186	2675
8.09935	2782
8.10534	2885
8.11065	2984
8.11815	3080
8.12175	3173
8.12891	3263
8.13258	3351
8.14001	3436
8.14189	3519
8.14549	3600
8.15252	3679
8.15612	3757
8.15972	3833
8.16674	3907
8.17034	3980
8.17394	4052
8.18097	4122
8.18457	4191
8.18817	4259
8.19519	4326
8.19879	4392
8.20239	4457
8.20941	4521
8.2149	3484
8.21927	4020
8.22021	4556
8.22458	5092
8.22553	5628
8.22818	6164
8.23084	6700
8.23178	1876
8.24394	2029
8.254	2170
8.26481	2302
8.26669	2426
8.27684	2544
8.28044	2656
8.28794	2764
8.29393	2867
8.29924	2967
8.30673	3063
8.31033	3156
8.3175	3247
8.32116	3335
8.32859	3421
8.33048	3504
8.33408	3585
8.34111	3665
8.34471	3743
8.34831	3819
8.35533	3894
8.36253	3216
8.36347	3752
8.36955	4288
8.3705	4824
8.37315	5360
8.37581	5896
8.37675	1608
8.3872	1786
8.39793	1946
8.40902	2093
8.42011	2230
8.43121	2358
8.43309	2479
8.44324	2594
8.44684	2704
8.45434	2810
8.46033	2912
8.46564	3010
8.47281	3105
8.47641	3197
8.4839	3286
8.4875	3373
8.49499	3458
8.49688	3541
8.50048	3622
8.50751	3701
8.51111	3778
8.51471	3854
8.52173	3928
8.52533	4001
8.52893	4072
8.53595	4142
8.53955	4211
8.54315	4279
8.55018	4346
8.55378	4412
8.55738	4477
8.5644	4541
8.56629	4604
8.56989	4666
8.5752	4727
8.58051	4787
8.58411	4847
8.58771	4906
8.59303	4964
8.59834	5021
8.60194	5078
8.60554	5134
8.61085	5189
8.61616	5244
8.62147	5298
8.62507	5352
8.63039	5405
8.6357	5458
8.64101	5510
8.64461	5562
8.64992	5613
8.65181	5664
8.65712	5714
8.66243	5764
8.66603	5813
8.67135	5862
8.67495	5911
8.67855	5959
8.68386	6007
8.68917	6054
8.69448	6101
8.69808	6148
8.70168	6194
8.70699	6240
8.71231	6286
8.71762	6331
8.72122	6376
8.72653	6421
8.73013	6465
8.73544	6509
8.74075	6553
8.74607	6596
8.75138	6639
8.75498	6682
8.75687	6724
8.76218	6766
8.76749	6808
8.7728	6850
8.7764	6891
8.78171	6932
8.7836	6973
8.78891	7014
8.79422	7054
8.79954	7094
8.80314	7134
8.80845	7174
8.81205	7214
8.81736	7253
8.82267	7292
8.82798	7331
8.83158	7370
8.8369	7408
8.8405	7446
8.84581	7484
8.85112	7522
8.85643	7560
8.86003	7598
8.86534	7635
8.87066	7672
8.87597	7709
8.87957	7746
8.88146	7783
8.88677	7819
8.89208	7855
8.89739	7891
8.90099	7927
8.9063	7963
8.91162	7999
8.9135	8034
8.91882	8069
8.92413	8104
8.92944	8139
8.93304	8174
8.93835	8209
8.94366	8243
8.94726	8277
8.95258	8311
8.95789	8345
8.9632	8379
8.9668	8413
8.97211	8447
8.97742	8481
8.98102	8514
8.98634	8547
8.99165	8580
8.99696	8613
9.00056	8646
9.00587	8679
9.01118	8712
9.0201	5628
9.02104	6164
9.02541	6700
9.02635	7236
9.0273	7772
9.03166	8308
9.03261	8844
9.03526	9380
9.03621	9916
9.04058	10452
9.04152	10988
9.04589	11524
9.04683	12060
9.04949	12596
9.05214	13132
9.0548	1608
9.07894	2144
9.09624	2680
9.09813	3216
9.11029	3752
9.11218	4288
9.11218	4355
9.11406	4420
9.12451	4484
9.12811	4548
9.13	4611
9.13189	4673
9.14062	4734
9.14422	4794
9.14782	4853
9.15142	4912
9.15845	4970
9.16205	5027
9.16565	5084
9.17096	5140
9.17627	5195
9.18158	5250
9.18518	5304
9.1905	5358
9.19581	5411
9.20112	5464
9.20472	5516
9.21003	5568
9.21534	5619
9.21723	5670
9.22254	5720
9.22614	5770
9.23146	5819
9.23677	5868
9.23866	5916
9.24397	5964
9.24928	6012
9.25459	6059
9.25819	6106
9.26179	6153
9.2671	6199
9.27242	6245
9.27773	6291
9.28133	6336
9.28664	6381
9.29024	6426
9.29555	6470
9.30086	6514
9.30618	6558
9.30978	6601
9.31509	6644
9.3204	6687
9.32229	6729
9.3276	6771
9.33291	6813
9.33651	6855
9.34182	6896
9.34714	6937
9.34902	6978
9.35434	7019
9.35965	7059
9.36325	7099
9.36856	7139
9.37387	7179
9.37747	7219
9.38278	7258
9.3881	7297
9.3917	7336
9.39701	7375
9.40232	7413
9.40592	7451
9.41654	4824
9.41749	5360
9.42014	5896
9.42109	6432
9.42546	6968
9.4264	7504
9.43077	8040
9.43171	8576
9.43437	9112
9.43531	9648
9.43968	10184
9.44234	10720
9.44499	3216
9.45886	3305
9.4676	3391
9.46949	3475
9.47994	3557
9.48696	3637
9.48885	3715
9.49758	3792
9.50461	3867
9.5065	3941
9.51523	4013
9.52054	4084
9.52414	4154
9.53117	4223
9.53648	4291
9.54008	4357
9.5471	4422
9.55242	4486
9.5543	4550
9.5579	4613
9.56322	4675
9.56853	4736
9.57213	4796
9.57573	4855
9.58104	4914
9.58635	4972
9.58995	5029
9.59526	5086
9.60058	5142
9.60589	5197
9.60949	5252
9.6148	5306
9.62011	5360
9.62542	5413
9.62902	5466
9.63434	5518
9.63965	5570
9.64154	5621
9.64685	5672
9.65045	5722
9.65576	5772
9.66107	5821
9.66296	5870
9.66827	5918
9.67358	5966
9.6789	6014
9.6825	6061
9.6861	6108
9.69141	6155
9.69672	6201
9.70203	6247
9.70563	6292
9.71094	6337
9.71454	6382
9.71986	6427
9.72517	6471
9.73048	6515
9.73408	6559
9.73939	6602
9.7447	6645
9.75002	6688
9.7519	6730
9.75722	6772
9.76082	6814
9.76613	6856
9.77144	6897
9.77675	6938
9.77864	6979
9.78395	7020
9.78755	7060
9.79286	7100
9.79818	7140
9.80349	7180
9.80709	7220
9.8124	7259
9.816	7298
9.82131	7337
9.82662	7376
9.83194	7414
9.83554	7452
9.84085	7490
9.84445	7528
9.84976	7566
9.85507	7603
9.86038	7640
9.86398	7677
9.8693	7714
9.87461	7751
9.8765	7788
9.88181	7824
9.88541	7860
9.89072	7896
9.89603	7932
9.90134	7968
9.90494	8004
9.90854	8039
9.91386	8074
9.91746	8109
9.92277	8144
9.92808	8179
9.93339	8214
9.93699	8248
9.9423	8282
9.94762	8316
9.95122	8350
9.95653	8384
9.96184	8418
9.96715	8452
9.97075	8485
9.97606	8518
9.98138	8551
9.98498	8584
9.99029	8617
9.9956	8650
10.0009	8683
10.0045	8716
10.0098	8748
10.0151	8780
10.0187	8812
10.0206	8844
10.0259	8876
10.0312	8908
10.0366	8940
10.0402	8972
10.0455	9004
10.0508	9035
10.0544	9066
10.058	9097
10.0633	9128
10.0686	9159
10.0739	9190
10.0775	9221
10.0828	9252
10.0881	9283
10.0917	9313
10.0971	9343
10.1024	9373
10.106	9403
10.1113	9433
10.1166	9463
10.1219	9493
10.1255	9523
10.1308	9553
10.1361	9583
10.1414	9612
10.145	9641
10.1504	9670
10.1557	9699
10.161	9728
10.1646	9757
10.1699	9786
10.1752	9815
10.1805	9844
10.1841	9873
10.1894	9902
10.1913	9931
10.1966	9959
10.2019	9987
10.2055	10015
10.2108	10043
10.2162	10071
10.2215	10099
10.2251	10127
10.2304	10155
10.234	10183
10.2393	10211
10.2446	10239
10.2482	10267
10.2535	10294
10.2588	10321
10.2641	10348
10.2677	10375
10.2731	10402
10.2767	10429
10.282	10456
10.2873	10483
10.2909	10510
10.2962	10537
10.3015	10564
10.3068	10591
10.3104	10618
10.3157	10645
10.3193	10671
10.3246	10697
10.33	10723
10.3353	10749
10.3389	10775
10.3442	10801
10.3495	10827
10.3548	10853
10.3601	10879
10.3637	10905
10.369	10931
10.3743	10957
10.3796	10983
10.3832	11009
10.3886	11035
10.3939	11061
10.3992	11086
10.4045	11111
10.4081	11136
10.4134	11161
10.4187	11186
10.424	11211
10.4276	11236
10.4329	11261
10.4383	11286
10.4436	11311
10.4489	11336
10.4525	11361
10.4578	11386
10.4631	11411
10.4684	11436
10.472	11461
10.4773	11486
10.4826	11511
10.488	11535
10.4933	11559
10.4969	11583
10.5022	11607
10.5075	11631
10.5128	11655
10.5164	11679
10.5217	11703
10.527	11727
10.5323	11751
10.5376	11775
10.5412	11799
10.5466	11823
10.5519	11847
10.5572	11871
10.5608	11895
10.5661	11919
10.5714	11943
10.5767	11967
10.582	11991
10.5856	12014
10.5909	12037
10.5963	12060
10.6016	12083
10.6052	12106
10.6105	12129
10.6158	12152
10.6211	12175
10.6264	12198
10.63	12221
10.6353	12244
10.6406	12267
10.646	12290
10.6496	12313
10.6602	6164
10.6645	6700
10.6655	7236
10.6699	7772
10.6708	8308
10.6735	8844
10.6744	9380
10.6788	9916
10.6797	10452
10.6841	10988
10.685	11524
10.6894	12060
10.6903	12596
10.693	13132
10.6939	13668
10.6983	14204
10.701	14740
10.7036	4204
10.7036	4740
10.7312	536
10.7312	1072
10.7331	1608
10.735	2144
10.7368	2680
10.7593	3216
10.7612	3752
10.7768	4288
10.7786	4824
10.7786	4883
10.7822	4941
10.7944	4999
10.7963	5056
10.7982	5112
10.8035	5168
10.8122	5223
10.8158	5278
10.8177	5332
10.823	5385
10.8318	5438
10.8354	5490
10.839	5542
10.8426	5593
10.8444	5644
10.8532	5694
10.8568	5744
10.8604	5794
10.8657	5843
10.8676	5892
10.8746	5940
10.8799	5988
10.8835	6035
10.8888	6082
10.8924	6129
10.8977	6175
10.9031	6221
10.9067	6267
10.912	6312
10.9156	6357
10.9209	6402
10.9262	6446
10.9315	6490
10.9368	6534
10.9404	6577
10.9457	6620
10.951	6663
10.9529	6706
10.9582	6748
10.9618	6790
10.9672	6832
10.9725	6874
10.9778	6915
10.9797	6956
10.985	6997
10.9903	7038
10.9939	7078
10.9992	7118
11.0045	7158
11.0081	7198
11.0134	7237
11.0187	7276
11.0223	7315
11.0276	7354
11.033	7393
11.0366	7431
11.0419	7469
11.0472	7507
11.0508	7545
11.0561	7583
11.0614	7620
11.065	7657
11.0703	7694
11.0756	7731
11.0775	7768
11.0828	7804
11.0864	7840
11.0917	7876
11.0971	7912
11.1024	7948
11.1077	7984
11.1096	8019
11.1149	8054
11.1185	8089
11.1238	8124
11.1291	8159
11.1344	8194
11.1397	8229
11.1433	8263
11.1486	8297
11.1522	8331
11.1576	8365
11.1629	8399
11.1682	8433
11.1735	8467
11.1771	8500
11.1824	8533
11.186	8566
11.1913	8599
11.1966	8632
11.2019	8665
11.2072	8698
11.2108	8731
11.2162	8763
11.2198	8795
11.2251	8827
11.227	8859
11.2323	8891
11.2376	8923
11.2429	8955
11.2465	8987
11.2518	9018
11.2571	9049
11.2607	9080
11.2643	9111
11.2696	9142
11.2749	9173
11.2803	9204
11.2839	9235
11.2892	9266
11.2945	9297
11.2981	9327
11.3034	9357
11.307	9387
11.3123	9417
11.3176	9447
11.3229	9477
11.3282	9507
11.3318	9537
11.3372	9567
11.3425	9597
11.3461	9626
11.3514	9655
11.3567	9684
11.362	9713
11.3673	9742
11.3709	9771
11.3762	9800
11.3815	9829
11.3851	9858
11.3904	9887
11.3923	9916
11.3976	9944
11.403	9972
11.4083	10000
11.4119	10028
11.4172	10056
11.4225	10084
11.4261	10112
11.4314	10140
11.435	10168
11.4403	10196
11.4456	10224
11.4492	10252
11.4545	10280
11.4599	10307
11.4652	10334
11.4688	10361
11.4741	10388
11.4777	10415
11.483	10442
11.4883	10469
11.4919	10496
11.4972	10523
11.5025	10550
11.5078	10577
11.5114	10604
11.5168	10631
11.5221	10658
11.5257	10684
11.531	10710
11.5363	10736
11.5416	10762
11.5452	10788
11.5505	10814
11.5558	10840
11.5611	10866
11.5664	10892
11.57	10918
11.5754	10944
11.5807	10970
11.586	10996
11.5896	11022
11.5949	11048
11.6002	11074
11.6055	11099
11.6108	11124
11.6144	11149
11.6197	11174
11.6251	11199
11.6304	11224
11.634	11249
11.6393	11274
11.6446	11299
11.6499	11324
11.6552	11349
11.6588	11374
11.6641	11399
11.6694	11424
11.6748	11449
11.6784	11474
11.6837	11499
11.689	11523
11.6943	11547
11.6996	11571
11.7032	11595
11.7085	11619
11.7138	11643
11.7191	11667
11.7227	11691
11.728	11715
11.7334	11739
11.7387	11763
11.744	11787
11.7476	11811
11.7529	11835
11.7582	11859
11.7635	11883
11.7671	11907
11.7724	11931
11.7777	11955
11.7831	11979
11.7884	12002
11.792	12025
11.7973	12048
11.8026	12071
11.8079	12094
11.8115	12117
11.8168	12140
11.8221	12163
11.8274	12186
11.8328	12209
11.8364	12232
11.8417	12255
11.847	12278
11.8549	12301
11.8612	6164
11.8656	6700
11.8665	7236
11.8709	7772
11.8718	8308
11.8762	8844
11.8771	9380
11.8798	9916
11.8807	10452
11.8851	10988
11.886	11524
11.8904	12060
11.8914	12596
11.8974	13132
11.8984	13668
11.901	14204
11.9037	3668
11.9037	4204
11.9313	536
11.9313	1072
11.9332	1608
11.935	2144
11.9558	2680
11.9576	3216
11.9732	3752
11.9768	4288
11.9787	4824
11.9787	4883
11.9892	4941
11.9928	4999
11.9947	5056
11.9983	5112
12.007	5168
12.0106	5223
12.0142	5278
12.0178	5332
12.0248	5385
12.0301	5438
12.0337	5490
12.0373	5542
12.0444	5593
12.0462	5644
12.0516	5694
12.0552	5744
12.0588	5794
12.0658	5843
12.0694	5892
12.073	5940
12.0783	5988
12.0819	6035
12.0889	6082
12.0925	6129
12.0961	6175
12.1014	6221
12.105	6267
12.112	6312
12.1156	6357
12.121	6402
12.1246	6446
12.1299	6490
12.1352	6534
12.1405	6577
12.1441	6620
12.1494	6663
12.1513	6706
12.1566	6748
12.1619	6790
12.1672	6832
12.1708	6874
12.1761	6915
12.178	6956
12.1833	6997
12.1887	7038
12.194	7078
12.1976	7118
12.2029	7158
12.2065	7198
12.2118	7237
12.2171	7276
12.2224	7315
12.226	7354
12.2313	7393
12.2349	7431
12.2402	7469
12.2456	7507
12.2509	7545
12.2545	7583
12.2598	7620
12.2651	7657
12.2687	7694
12.274	7731
12.2759	7768
12.2812	7804
12.2865	7840
12.2918	7876
12.2954	7912
12.3007	7948
12.306	7984
12.3079	8019
12.3132	8054
12.3186	8089
12.3239	8124
12.3275	8159
12.3328	8194
12.3381	8229
12.3417	8263
12.347	8297
12.3523	8331
12.3576	8365
12.3612	8399
12.3665	8433
12.3719	8467
12.3755	8500
12.3808	8533
12.3861	8566
12.3914	8599
12.395	8632
12.4003	8665
12.4056	8698
12.4092	8731
12.4145	8763
12.4198	8795
12.4252	8827
12.427	8859
12.4306	8891
12.436	8923
12.4413	8955
12.4449	8987
12.4502	9018
12.4555	9049
12.4608	9080
12.4644	9111
12.468	9142
12.4733	9173
12.4786	9204
12.4822	9235
12.4875	9266
12.4928	9297
12.4982	9327
12.5061	9357
12.5124	5896
12.5133	6432
12.516	6968
12.5169	7504
12.5213	8040
12.5222	8576
12.5266	9112
12.5276	9648
12.5319	10184
12.5329	10720
12.5355	11256
12.5365	11792
12.5425	12328
12.5452	12864
12.5461	13400
12.5505	2144
12.5747	2680
12.5765	3216
12.5938	3752
12.5974	4288
12.5974	4355
12.5993	4420
12.6115	4484
12.6151	4548
12.617	4611
12.6206	4673
12.6293	4734
12.6346	4794
12.6365	4853
12.6418	4912
12.6488	4970
12.6542	5027
12.656	5084
12.6614	5140
12.6684	5195
12.6737	5250
12.6756	5304
12.6809	5358
12.6879	5411
12.6932	5464
12.6951	5516
12.7004	5568
12.7075	5619
12.7093	5670
12.7147	5720
12.7165	5770
12.7219	5819
12.7289	5868
12.7325	5916
12.7378	5964
12.7397	6012
12.745	6059
12.752	6106
12.7556	6153
12.7609	6199
12.7645	6245
12.7681	6291
12.7751	6336
12.7787	6381
12.7841	6426
12.7894	6470
12.793	6514
12.7983	6558
12.8036	6601
12.8089	6644
12.8125	6687
12.8144	6729
12.8197	6771
12.825	6813
12.8303	6855
12.8356	6896
12.8392	6937
12.8411	6978
12.8464	7019
12.8518	7059
12.8571	7099
12.8624	7139
12.866	7179
12.8696	7219
12.8749	7258
12.8802	7297
12.8855	7336
12.8908	7375
12.8944	7413
12.898	7451
12.9033	7489
12.9087	7527
12.914	7565
12.9193	7602
12.9229	7639
12.9282	7676
12.9335	7713
12.9371	7750
12.939	7787
12.9443	7823
12.9496	7859
12.9549	7895
12.9602	7931
12.9638	7967
12.9691	8003
12.971	8038
12.9763	8073
12.9817	8108
12.987	8143
12.9923	8178
12.9959	8213
13.0012	8247
13.0048	8281
13.0101	8315
13.0164	8349
13.026	5360
13.027	5896
13.0296	6432
13.0306	6968
13.035	7504
13.0359	8040
13.0386	8576
13.0395	9112
13.0439	9648
13.0448	10184
13.0492	10720
13.0535	11256
13.0545	11792
13.0589	2680
13.0813	3216
13.0832	3752
13.0832	3828
13.0988	3903
13.1007	3976
13.1025	4048
13.1147	4118
13.1183	4187
13.1202	4255
13.1306	4322
13.1342	4388
13.1378	4453
13.1466	4517
13.1485	4580
13.1521	4642
13.1557	4703
13.1627	4764
13.1663	4824
13.1699	4883
13.1752	4941
13.1805	4999
13.1841	5056
13.1894	5112
13.2	3752
13.201	4288
13.2036	4824
13.2046	5360
13.209	5896
13.2099	6432
13.2143	6968
13.2152	7504
13.2196	2144
13.23	2278
13.2353	2404
13.2424	2523
13.2477	2636
13.255	2744
13.2605	2848
13.2661	2948
13.2721	3045
13.2774	3139
13.2845	3230
13.2881	3318
13.2956	3404
13.2975	3488
13.3011	3570
13.3081	3650
13.3117	3728
13.3153	3805
13.3224	3880
13.326	3954
13.3296	4026
13.3366	4097
13.3402	4167
13.3438	4235
13.3518	4302
13.358	3484
13.359	4020
13.365	4556
13.366	5092
13.3686	5628
13.3713	6164
13.374	1876
13.3848	2029
13.3955	2170
13.4066	2302
13.4085	2426
13.4186	2544
13.4222	2656
13.4297	2764
13.4357	2867
13.441	2967
13.4485	3063
13.4521	3156
13.4593	3247
13.4629	3335
13.4704	3421
13.4722	3504
13.4758	3585
13.4829	3665
13.4865	3743
13.4901	3819
13.4971	3894
13.5007	3967
13.5043	4039
13.5113	4110
13.5149	4179
13.5185	4247
13.5255	4314
13.5291	4380
13.5327	4445
13.5398	4509
13.5416	4572
13.5452	4634
13.5506	4695
13.5559	4756
13.5595	4816
13.5631	4875
13.5684	4933
13.5737	4991
13.5773	5048
13.5809	5104
13.5862	5160
13.5915	5215
13.5968	5270
13.6004	5324
13.6057	5377
13.6111	5430
13.6164	5482
13.62	5534
13.6253	5585
13.6272	5636
13.6325	5686
13.6378	5736
13.6414	5786
13.6467	5835
13.6503	5884
13.6539	5932
13.6592	5980
13.6645	6028
13.6698	6075
13.6734	6122
13.677	6168
13.6824	6214
13.6877	6260
13.693	6305
13.6966	6350
13.7019	6395
13.7055	6439
13.7108	6483
13.7161	6527
13.7214	6571
13.7267	6614
13.7303	6657
13.7322	6700
13.7375	6742
13.7428	6784
13.7482	6826
13.7518	6868
13.7571	6909
13.759	6950
13.7643	6991
13.7696	7032
13.7749	7072
13.7785	7112
13.7838	7152
13.7874	7192
13.7927	7231
13.798	7270
13.8033	7309
13.8069	7348
13.8123	7387
13.8159	7425
13.8212	7463
13.8265	7501
13.8318	7539
13.8354	7577
13.8407	7614
13.846	7651
13.8513	7688
13.8549	7725
13.8602	7762
13.8621	7799
13.8674	7835
13.8728	7871
13.8764	7907
13.8817	7943
13.887	7979
13.8923	8015
13.8942	8050
13.8995	8085
13.9048	8120
13.9084	8155
13.9137	8190
13.919	8225
13.9243	8259
13.9279	8293
13.9332	8327
13.9386	8361
13.9422	8395
13.9475	8429
13.9528	8463
13.9581	8496
13.9617	8529
13.967	8562
13.9723	8595
13.9759	8628
13.9812	8661
13.9865	8694
13.9919	8727
13.9955	8759
14.0008	8791
14.0061	8823
14.008	8855
14.0116	8887
14.0169	8919
14.0222	8951
14.0275	8983
14.0311	9014
14.0364	9045
14.0417	9076
14.0453	9107
14.0489	9138
14.0542	9169
14.0596	9200
14.0649	9231
14.0685	9262
14.0738	9293
14.0791	9323
14.0827	9353
14.088	9383
14.0933	9413
14.0969	9443
14.1022	9473
14.1075	9503
14.1128	9533
14.1182	9563
14.1218	9593
14.1271	9622
14.1324	9651
14.136	9680
14.1413	9709
14.1466	9738
14.1519	9767
14.1572	9796
14.1608	9825
14.1661	9854
14.1715	9883
14.1733	9912
14.1769	9940
14.1823	9968
14.1876	9996
14.1929	10024
14.1982	10052
14.2018	10080
14.2071	10108
14.2124	10136
14.216	10164
14.2196	10192
14.2249	10220
14.2302	10248
14.2356	10276
14.2392	10303
14.2445	10330
14.2498	10357
14.2551	10384
14.2587	10411
14.2623	10438
14.2676	10465
14.2729	10492
14.2782	10519
14.2818	10546
14.2871	10573
14.2924	10600
14.2978	10627
14.3014	10654
14.3067	10680
14.3103	10706
14.3156	10732
14.3209	10758
14.3262	10784
14.3315	10810
14.3351	10836
14.3404	10862
14.3457	10888
14.3511	10914
14.3547	10940
14.36	10966
14.3653	10992
14.3706	11018
14.3759	11044
14.3795	11070
14.3848	11095
14.3901	11120
14.3954	11145
14.399	11170
14.4044	11195
14.4097	11220
14.415	11245
14.4203	11270
14.4239	11295
14.4292	11320
14.4345	11345
14.4398	11370
14.4434	11395
14.4487	11420
14.454	11445
14.4594	11470
14.4647	11495
14.4683	11519
14.4736	11543
14.4789	11567
14.4842	11591
14.4878	11615
14.4931	11639
14.4984	11663
14.5037	11687
14.5091	11711
14.5127	11735
14.518	11759
14.5233	11783
14.5286	11807
14.5322	11831
14.5375	11855
14.5428	11879
14.5481	11903
14.5534	11927
14.5614	11951
14.5677	6164
14.572	6700
14.573	7236
14.5756	7772
14.5766	8308
14.5809	8844
14.5819	9380
14.5863	9916
14.5872	10452
14.5916	10988
14.5925	11524
14.5969	12060
14.5978	12596
14.6022	13132
14.6048	13668
14.6075	14204
14.6102	3668
14.6102	4204
14.6377	536
14.6377	1072
14.6396	1608
14.6415	2144
14.6622	2680
14.6641	3216
14.6797	3752
14.6816	4288
14.6835	4824
14.6835	4883
14.6956	4941
14.6992	4999
14.7011	5056
14.703	5112
14.7135	5168
14.7171	5223
14.7207	5278
14.7225	5332
14.7313	5385
14.7366	5438
14.7402	5490
14.7438	5542
14.7508	5593
14.7527	5644
14.758	5694
14.7616	5744
14.7652	5794
14.7722	5843
14.7741	5892
14.7794	5940
14.7848	5988
14.7884	6035
14.7937	6082
14.7973	6129
14.8026	6175
14.8079	6221
14.8115	6267
14.8168	6312
14.8204	6357
14.8257	6402
14.831	6446
14.8363	6490
14.8416	6534
14.8452	6577
14.8506	6620
14.8559	6663
14.8578	6706
14.8631	6748
14.8667	6790
14.872	6832
14.8773	6874
14.8826	6915
14.8845	6956
14.8898	6997
14.8951	7038
14.8987	7078
14.904	7118
14.9093	7158
14.9129	7198
14.9183	7237
14.9236	7276
14.9272	7315
14.9325	7354
14.9378	7393
14.9414	7431
14.9467	7469
14.952	7507
14.9556	7545
14.9609	7583
14.9662	7620
14.9698	7657
14.9752	7694
14.9805	7731
14.9824	7768
14.9877	7804
14.9913	7840
14.9966	7876
15.0019	7912
15.0072	7948
15.0125	7984
15.0144	8019
15.0197	8054
15.0233	8089
15.0286	8124
15.0339	8159
15.0392	8194
15.0446	8229
15.0482	8263
15.0535	8297
15.0571	8331
15.0624	8365
15.0677	8399
15.073	8433
15.0783	8467
15.0819	8500
15.0872	8533
15.0908	8566
15.0961	8599
15.1015	8632
15.1068	8665
15.1121	8698
15.1157	8731
15.121	8763
15.1246	8795
15.1299	8827
15.1318	8859
15.1371	8891
15.1424	8923
15.1477	8955
15.1513	8987
15.1566	9018
15.162	9049
15.1656	9080
15.1692	9111
15.1745	9142
15.1798	9173
15.1851	9204
15.1887	9235
15.194	9266
15.1993	9297
15.2029	9327
15.2082	9357
15.2118	9387
15.2171	9417
15.2224	9447
15.2278	9477
15.2331	9507
15.2367	9537
15.242	9567
15.2473	9597
15.2509	9626
15.2562	9655
15.2615	9684
15.2668	9713
15.2721	9742
15.2757	9771
15.2864	6164
15.2873	6700
15.29	7236
15.2909	7772
15.2953	8308
15.2962	8844
15.2972	9380
15.3015	9916
15.3025	10452
15.3068	10988
15.3078	11524
15.3122	12060
15.3131	12596
15.3158	13132
15.3167	13668
15.3211	14204
15.322	14740
15.3264	4204
15.3264	4740
15.3522	536
15.3522	1072
15.3541	1608
15.356	2144
15.3579	2680
15.3786	3216
15.3822	3752
15.3961	4288
15.398	4824
15.398	4883
15.4016	4941
15.412	4999
15.4139	5056
15.4175	5112
15.4211	5168
15.4299	5223
15.4335	5278
15.4371	5332
15.4407	5385
15.4494	5438
15.453	5490
15.4566	5542
15.4602	5593
15.4621	5644
15.4708	5694
15.4744	5744
15.478	5794
15.4833	5843
15.4852	5892
15.4922	5940
15.4976	5988
15.5012	6035
15.5065	6082
15.5101	6129
15.5154	6175
15.5207	6221
15.5243	6267
15.5296	6312
15.5332	6357
15.5385	6402
15.5438	6446
15.5491	6490
15.5544	6534
15.559	6577
15.5687	4556
15.5696	5092
15.5706	5628
15.5749	6164
15.5759	6700
15.5785	7236
15.5795	7772
15.5838	8308
15.5882	8844
15.5892	9380
15.5935	2948
15.6074	3045
15.6127	3139
15.6232	3230
15.6285	3318
15.6355	3404
15.6374	3488
15.6427	3570
15.6497	3650
15.6516	3728
15.6569	3805
15.6639	3880
15.6675	3954
15.6711	4026
15.6782	4097
15.6818	4167
15.6871	4235
15.6924	4302
15.696	4368
15.7013	4433
15.7066	4497
15.7085	4560
15.7138	4623
15.7174	4685
15.7227	4746
15.7263	4806
15.7316	4865
15.7352	4924
15.7405	4982
15.7441	5039
15.7495	5096
15.7548	5152
15.7601	5207
15.7637	5262
15.769	5316
15.7743	5370
15.7796	5423
15.7832	5475
15.7885	5527
15.7938	5578
15.7957	5629
15.801	5680
15.8046	5730
15.81	5780
15.8153	5829
15.8172	5878
15.8225	5926
15.8278	5974
15.8331	6022
15.8384	6069
15.8403	6116
15.8456	6162
15.8509	6208
15.8562	6254
15.8615	6299
15.8651	6344
15.8687	6389
15.874	6433
15.8794	6477
15.8847	6521
15.89	6565
15.8936	6608
15.8989	6651
15.9008	6694
15.9061	6736
15.9114	6778
15.915	6820
15.9203	6862
15.9256	6903
15.9275	6944
15.9328	6985
15.9381	7026
15.9435	7066
15.9471	7106
15.9524	7146
15.956	7186
15.9613	7225
15.9666	7264
15.9719	7303
15.9755	7342
15.9808	7381
15.9844	7419
15.9897	7457
15.995	7495
16.0004	7533
16.004	7571
16.0093	7608
16.0146	7645
16.0182	7682
16.0235	7719
16.0288	7756
16.0307	7793
16.036	7829
16.0396	7865
16.0449	7901
16.0502	7937
16.0555	7973
16.0608	8009
16.0627	8044
16.068	8079
16.0716	8114
16.077	8149
16.0823	8184
16.0876	8219
16.0929	8253
16.0965	8287
16.1018	8321
16.1054	8355
16.1107	8389
16.116	8423
16.1213	8457
16.1267	8490
16.1303	8523
16.1356	8556
16.1392	8589
16.1445	8622
16.1498	8655
16.1551	8688
16.1604	8721
16.164	8753
16.1693	8785
16.1739	8817
16.1801	5628
16.1845	6164
16.1854	6700
16.1898	7236
16.1908	7772
16.1951	8308
16.1961	8844
16.1987	9380
16.1997	9916
16.204	10452
16.205	10988
16.2093	11524
16.2103	12060
16.2147	12596
16.2156	2144
16.2397	2680
16.2416	3216
16.2589	3752
16.2608	4288
16.2608	4355
16.2627	4420
16.2766	4484
16.2785	4548
16.2804	4611
16.284	4673
16.2944	4734
16.298	4794
16.2999	4853
16.3052	4912
16.3122	4970
16.3175	5027
16.3194	5084
16.3247	5140
16.3318	5195
16.3371	5250
16.339	5304
16.3443	5358
16.3513	5411
16.3566	5464
16.3585	5516
16.3638	5568
16.3708	5619
16.3727	5670
16.378	5720
16.3799	5770
16.3852	5819
16.3923	5868
16.3959	5916
16.3995	5964
16.4031	6012
16.4084	6059
16.4154	6106
16.419	6153
16.4226	6199
16.4262	6245
16.4315	6291
16.4385	6336
16.4421	6381
16.4474	6426
16.451	6470
16.4564	6514
16.4617	6558
16.467	6601
16.4706	6644
16.4759	6687
16.4778	6729
16.4831	6771
16.4884	6813
16.4937	6855
16.4973	6896
16.5026	6937
16.5045	6978
16.5098	7019
16.5151	7059
16.5204	7099
16.524	7139
16.5294	7179
16.533	7219
16.5383	7258
16.5436	7297
16.5489	7336
16.5525	7375
16.5578	7413
16.5614	7451
16.5667	7489
16.572	7527
16.5773	7565
16.5809	7602
16.5863	7639
16.5916	7676
16.5969	7713
16.6005	7750
16.6024	7787
16.6077	7823
16.613	7859
16.6183	7895
16.6219	7931
16.6272	7967
16.6325	8003
16.6344	8038
16.6397	8073
16.645	8108
16.6504	8143
16.654	8178
16.6593	8213
16.6646	8247
16.6682	8281
16.6735	8315
16.6788	8349
16.6841	8383
16.6877	8417
16.693	8451
16.6983	8484
16.7019	8517
16.7072	8550
16.7126	8583
16.7179	8616
16.7215	8649
16.7268	8682
16.7321	8715
16.7357	8747
16.741	8779
16.7463	8811
16.7482	8843
16.7535	8875
16.7571	8907
16.7624	8939
16.7677	8971
16.7713	9003
16.7767	9034
16.782	9065
16.7856	9096
16.7909	9127
16.7945	9158
16.7998	9189
16.8051	9220
16.8087	9251
16.814	9282
16.8193	9312
16.8229	9342
16.8282	9372
16.8336	9402
16.8389	9432
16.8425	9462
16.8478	9492
16.8531	9522
16.8584	9552
16.862	9582
16.8673	9611
16.8726	9640
16.8779	9669
16.8815	9698
16.8868	9727
16.8922	9756
16.8975	9785
16.9011	9814
16.9064	9843
16.9117	9872
16.917	9901
16.9189	9930
16.9225	9958
16.9278	9986
16.9331	10014
16.9384	10042
16.942	10070
16.9473	10098
16.9527	10126
16.958	10154
16.9599	10182
16.9652	10210
16.9705	10238
16.9758	10266
16.9811	10293
16.9847	10320
16.99	10347
16.9953	10374
17.0006	10401
17.0025	10428
17.0078	10455
17.0131	10482
17.0185	10509
17.0238	10536
17.0274	10563
17.0327	10590
17.038	10617
17.0433	10644
17.0469	10670
17.0522	10696
17.0558	10722
17.0611	10748
17.0664	10774
17.0718	10800
17.0771	10826
17.0807	10852
17.086	10878
17.0913	10904
17.0966	10930
17.1002	10956
17.1055	10982
17.1108	11008
17.1161	11034
17.1215	11060
17.1251	11085
17.1304	11110
17.1357	11135
17.141	11160
17.1446	11185
17.1499	11210
17.1552	11235
17.1605	11260
17.1658	11285
17.1694	11310
17.1747	11335
17.1801	11360
17.1854	11385
17.189	11410
17.1943	11435
17.1996	11460
17.2049	11485
17.2102	11510
17.2138	11534
17.2191	11558
17.2244	11582
17.2298	11606
17.2334	11630
17.2387	11654
17.244	11678
17.2493	11702
17.2546	11726
17.2582	11750
17.2635	11774
17.2688	11798
17.2741	11822
17.2777	11846
17.2831	11870
17.2884	11894
17.2937	11918
17.299	11942
17.3026	11966
17.3079	11990
17.3132	12013
17.3185	12036
17.3221	12059
17.3274	12082
17.3327	12105
17.3381	12128
17.3434	12151
17.347	12174
17.3523	12197
17.3576	12220
17.3629	12243
17.3665	12266
17.3718	12289
17.3771	12312
17.3824	12335
17.3878	12358
17.3914	12381
17.3967	12404
17.402	12427
17.4073	12450
17.4109	12473
17.4162	12496
17.4215	12518
17.4268	12540
17.4321	12562
17.4357	12584
17.4411	12606
17.4464	12628
17.4517	12650
17.4553	12672
17.4606	12694
17.4659	12716
17.4712	12738
17.4765	12760
17.4801	12782
17.4854	12804
17.4907	12826
17.4961	12848
17.4997	12870
17.505	12892
17.5103	12914
17.5156	12936
17.5209	12958
17.5245	12980
17.5298	13002
17.5351	13024
17.5404	13046
17.544	13068
17.5494	13089
17.5547	13110
17.56	13131
17.5653	13152
17.5689	13173
17.5742	13194
17.5795	13215
17.5848	13236
17.5884	13257
17.5937	13278
17.5991	13299
17.6044	13320
17.6097	13341
17.6133	13362
17.6186	13383
17.6239	13404
17.6292	13425
17.6328	13446
17.6381	13467
17.6434	13488
17.6487	13509
17.6541	13530
17.6577	13551
17.663	13572
17.6683	13593
17.6736	13614
17.6772	13635
17.6825	13656
17.6878	13677
17.6931	13698
17.6984	13718
17.702	13738
17.7074	13758
17.7127	13778
17.718	13798
17.7216	13818
17.7269	13838
17.7322	13858
17.7375	13878
17.7428	13898
17.7464	13918
17.7517	13938
17.7571	13958
17.7624	13978
17.766	13998
17.7713	14018
17.7766	14038
17.7819	14058
17.7872	14078
17.7908	14098
17.7961	14118
17.8014	14138
17.8067	14158
17.8103	14178
17.8157	14198
17.821	14218
17.8263	14238
17.8316	14258
17.8352	14278
17.8405	14298
17.8458	14318
17.8511	14338
17.8547	14358
17.86	14378
17.8654	14397
17.8707	14416
17.876	14435
17.8796	14454
17.8849	14473
17.8902	14492
17.8955	14511
17.8991	14530
17.9044	14549
17.9097	14568
17.9151	14587
17.9204	14606
17.924	14625
17.9293	14644
17.9346	14663
17.9399	14682
17.9435	14701
17.9488	14720
17.9541	14739
17.9594	14758
17.9647	14777
17.9683	14796
17.9737	14815
17.979	14834
17.9843	14853
17.9879	14872
17.9932	14891
17.9985	14910
Now throughput of udp is : 370032bytes
Now throughput of udp is : 370032bytes
18.0038	14929
Now throughput of tcp is : 395408bytes
Now throughput of tcp is : 395408bytes
Now throughput of udp is : 370032bytes
Now throughput of tcp is : 395408bytes
Now throughput of tcp is : 395408bytes
18.0091	14948
Now throughput of udp is : 370032bytes
Now throughput of udp is : 370032bytes
18.0127	14967
Now throughput of tcp is : 395408bytes
Now throughput of tcp is : 395408bytes
Now throughput of udp is : 370032bytes
Now throughput of udp is : 370032bytes
18.018	14986
Now throughput of tcp is : 395408bytes
Now throughput of udp is : 370032bytes
Now throughput of udp is : 370032bytes
Now throughput of udp is : 370032bytes
18.0277	15005
Now throughput of udp is : 370032bytes
Now throughput of udp is : 370032bytes
18.0323	6164
Now throughput of udp is : 370032bytes
18.0366	6700
Now throughput of udp is : 370032bytes
18.0376	7236
Now throughput of udp is : 370032bytes
18.0419	7772
Now throughput of udp is : 370032bytes
18.0429	8308
Now throughput of udp is : 370032bytes
18.0473	8844
Now throughput of udp is : 370032bytes
18.0482	9380
Now throughput of udp is : 370032bytes
18.0526	9916
18.0535	10452
Now throughput of udp is : 370032bytes
18.0562	10988
Now throughput of udp is : 370032bytes
18.0571	11524
Now throughput of udp is : 370032bytes
18.0615	12060
Now throughput of udp is : 370032bytes
18.0624	12596
Now throughput of udp is : 370032bytes
Now throughput of udp is : 370032bytes
18.0685	13132
Now throughput of udp is : 370032bytes
Now throughput of tcp is : 395408bytes
18.0712	13668
Now throughput of udp is : 370032bytes
18.0738	14204
Now throughput of udp is : 370032bytes
18.0748	3668
18.0748	4204
Now throughput of udp is : 370032bytes
Now throughput of udp is : 370032bytes
Now throughput of udp is : 370032bytes
Now throughput of udp is : 370032bytes
Now throughput of udp is : 370032bytes
Now throughput of udp is : 370032bytes
Now throughput of udp is : 370032bytes
Now throughput of udp is : 370032bytes
Now throughput of udp is : 370032bytes
Now throughput of udp is : 370032bytes
Now throughput of udp is : 370032bytes
Now throughput of udp is : 370032bytes
Now throughput of udp is : 370032bytes
Now throughput of tcp is : 395408bytes
Now throughput of tcp is : 395408bytes
Now throughput of tcp is : 395408bytes
Now throughput of tcp is : 395408bytes
Now throughput of tcp is : 395408bytes
Now throughput of tcp is : 395408bytes
18.1023	536
18.1023	1072
Now throughput of tcp is : 395408bytes
18.1042	1608
Now throughput of udp is : 370032bytes
18.1061	2144
Now throughput of udp is : 370032bytes
Now throughput of udp is : 370032bytes
Now throughput of udp is : 370032bytes
Now throughput of udp is : 370032bytes
Now throughput of udp is : 370032bytes
Now throughput of udp is : 370032bytes
Now throughput of udp is : 370032bytes
Now throughput of udp is : 370032bytes
Now throughput of udp is : 370032bytes
Now throughput of udp is : 370032bytes
Now throughput of udp is : 370032bytes
Now throughput of tcp is : 395408bytes
Now throughput of tcp is : 395408bytes
Now throughput of tcp is : 395408bytes
Now throughput of udp is : 370032bytes
18.1285	2680
Now throughput of udp is : 370032bytes
18.1304	3216
Now throughput of udp is : 370032bytes
Now throughput of udp is : 370032bytes
Now throughput of udp is : 370032bytes
Now throughput of udp is : 370032bytes
Now throughput of udp is : 370032bytes
Now throughput of udp is : 370032bytes
Now throughput of tcp is : 395408bytes
Now throughput of tcp is : 395408bytes
Now throughput of tcp is : 395408bytes
Now throughput of tcp is : 395408bytes
Now throughput of tcp is : 395408bytes
Now throughput of tcp is : 395408bytes
18.146	3752
Now throughput of udp is : 370032bytes
18.1479	4288
Now throughput of udp is : 370032bytes
18.1498	4824
18.1498	4883
Now throughput of udp is : 370032bytes
Now throughput of udp is : 370032bytes
Now throughput of udp is : 370032bytes
Now throughput of udp is : 370032bytes
Now throughput of tcp is : 395408bytes
Now throughput of tcp is : 395408bytes
Now throughput of tcp is : 395408bytes
Now throughput of udp is : 370032bytes
Now throughput of tcp is : 395408bytes
18.1619	4941
Now throughput of tcp is : 395408bytes
Now throughput of tcp is : 395408bytes
Now throughput of tcp is : 395408bytes
Now throughput of tcp is : 395408bytes
18.1655	4999
Now throughput of tcp is : 395408bytes
18.1674	5056
Now throughput of udp is : 370032bytes
18.1693	5112
Now throughput of udp is : 370032bytes
Now throughput of udp is : 370032bytes
Now throughput of udp is : 370032bytes
Now throughput of udp is : 370032bytes
Now throughput of tcp is : 395408bytes
Now throughput of tcp is : 395408bytes
Now throughput of udp is : 370032bytes
Now throughput of tcp is : 395408bytes
18.1798	5168
Now throughput of tcp is : 395408bytes
Now throughput of udp is : 370032bytes
Now throughput of tcp is : 395408bytes
18.1834	5223
Now throughput of tcp is : 395408bytes
Now throughput of tcp is : 395408bytes
Now throughput of tcp is : 395408bytes
18.187	5278
Now throughput of udp is : 370032bytes
18.1889	5332
Now throughput of udp is : 370032bytes
Now throughput of udp is : 370032bytes
Now throughput of udp is : 370032bytes
Now throughput of tcp is : 395408bytes
Now throughput of tcp is : 395408bytes
Now throughput of udp is : 370032bytes
Now throughput of tcp is : 395408bytes
18.1976	5385
Now throughput of udp is : 370032bytes
18.2012	5438
Now throughput of udp is : 370032bytes
Now throughput of udp is : 370032bytes
18.2084	4020
Now throughput of udp is : 370032bytes
18.2093	4556
Now throughput of udp is : 370032bytes
Now throughput of udp is : 370032bytes
Now throughput of udp is : 370032bytes
18.2171	5092
18.2181	5628
18.219	6164
Now throughput of udp is : 370032bytes
18.2217	6700
Now throughput of udp is : 370032bytes
18.2226	7236
Now throughput of tcp is : 395408bytes
Now throughput of udp is : 370032bytes
18.227	7772
18.2279	8308
Now throughput of udp is : 370032bytes
18.2289	2412
Now throughput of udp is : 370032bytes
Now throughput of udp is : 370032bytes
Now throughput of udp is : 370032bytes
Now throughput of udp is : 370032bytes
Now throughput of tcp is : 395408bytes
Now throughput of udp is : 370032bytes
Now throughput of tcp is : 395408bytes
Now throughput of tcp is : 395408bytes
Now throughput of udp is : 370032bytes
Now throughput of tcp is : 395408bytes
18.2427	2531
Now throughput of udp is : 370032bytes
Now throughput of udp is : 370032bytes
18.2463	2644
Now throughput of udp is : 370032bytes
Now throughput of udp is : 370032bytes
Now throughput of udp is : 370032bytes
Now throughput of tcp is : 395408bytes
Now throughput of tcp is : 395408bytes
Now throughput of udp is : 370032bytes
Now throughput of tcp is : 395408bytes
Now throughput of tcp is : 395408bytes
18.2568	2752
Now throughput of udp is : 370032bytes
Now throughput of udp is : 370032bytes
18.2604	2856
Now throughput of udp is : 370032bytes
Now throughput of udp is : 370032bytes
Now throughput of tcp is : 395408bytes
Now throughput of tcp is : 395408bytes
Now throughput of tcp is : 395408bytes
Now throughput of udp is : 370032bytes
Now throughput of tcp is : 395408bytes
18.2692	2956
Now throughput of tcp is : 395408bytes
Now throughput of udp is : 370032bytes
18.2728	3053
Now throughput of udp is : 370032bytes
Now throughput of udp is : 370032bytes
Now throughput of tcp is : 395408bytes
Now throughput of tcp is : 395408bytes
Now throughput of udp is : 370032bytes
18.2798	3147
Now throughput of udp is : 370032bytes
Now throughput of tcp is : 395408bytes
Now throughput of tcp is : 395408bytes
Now throughput of udp is : 370032bytes
18.2853	3238
Now throughput of udp is : 370032bytes
Now throughput of tcp is : 395408bytes
Now throughput of tcp is : 395408bytes
Now throughput of udp is : 370032bytes
18.2906	3326
Now throughput of udp is : 370032bytes
Now throughput of tcp is : 395408bytes
Now throughput of tcp is : 395408bytes
Now throughput of tcp is : 395408bytes
18.296	3412
Now throughput of udp is : 370032bytes
18.2978	3496
Now throughput of tcp is : 395408bytes
Now throughput of tcp is : 395408bytes
Now throughput of udp is : 370032bytes
Now throughput of udp is : 370032bytes
18.3033	3578
Now throughput of tcp is : 395408bytes
Now throughput of tcp is : 395408bytes
Now throughput of udp is : 370032bytes
Now throughput of tcp is : 395408bytes
Now throughput of tcp is : 395408bytes
18.3086	3658
Now throughput of udp is : 370032bytes
Now throughput of udp is : 370032bytes
18.3122	3736
Now throughput of tcp is : 395408bytes
Now throughput of tcp is : 395408bytes
Now throughput of udp is : 370032bytes
Now throughput of udp is : 370032bytes
18.3176	3812
Now throughput of tcp is : 395408bytes
Now throughput of tcp is : 395408bytes
Now throughput of udp is : 370032bytes
Now throughput of tcp is : 395408bytes
Now throughput of tcp is : 395408bytes
18.3229	3887
Now throughput of udp is : 370032bytes
Now throughput of udp is : 370032bytes
18.3265	3960
Now throughput of tcp is : 395408bytes
Now throughput of tcp is : 395408bytes
Now throughput of tcp is : 395408bytes
Now throughput of udp is : 370032bytes
18.3318	4032
Now throughput of udp is : 370032bytes
Now throughput of tcp is : 395408bytes
Now throughput of tcp is : 395408bytes
Now throughput of udp is : 370032bytes
Now throughput of tcp is : 395408bytes
18.3371	4103
Now throughput of tcp is : 395408bytes
Now throughput of udp is : 370032bytes
18.3407	4173
Now throughput of udp is : 370032bytes
Now throughput of tcp is : 395408bytes
Now throughput of tcp is : 395408bytes
Now throughput of udp is : 370032bytes
18.346	4241
Now throughput of udp is : 370032bytes
Now throughput of tcp is : 395408bytes
Now throughput of tcp is : 395408bytes
Now throughput of udp is : 370032bytes
Now throughput of tcp is : 395408bytes
18.3513	4308
Now throughput of tcp is : 395408bytes
Now throughput of udp is : 370032bytes
18.3549	4374
Now throughput of udp is : 370032bytes
Now throughput of tcp is : 395408bytes
Now throughput of tcp is : 395408bytes
Now throughput of udp is : 370032bytes
18.3602	4439
Now throughput of udp is : 370032bytes
Now throughput of tcp is : 395408bytes
Now throughput of tcp is : 395408bytes
Now throughput of tcp is : 395408bytes
Now throughput of udp is : 370032bytes
18.3655	4503
Now throughput of tcp is : 395408bytes
Now throughput of tcp is : 395408bytes
18.3674	4566
Now throughput of udp is : 370032bytes
Now throughput of udp is : 370032bytes
18.371	4628
Now throughput of tcp is : 395408bytes
Now throughput of tcp is : 395408bytes
Now throughput of udp is : 370032bytes
Now throughput of udp is : 370032bytes
18.3763	4690
Now throughput of tcp is : 395408bytes
Now throughput of tcp is : 395408bytes
Now throughput of udp is : 370032bytes
Now throughput of tcp is : 395408bytes
Now throughput of tcp is : 395408bytes
18.3817	4751
Now throughput of udp is : 370032bytes
Now throughput of tcp is : 395408bytes
Now throughput of tcp is : 395408bytes
18.3853	4811
Now throughput of udp is : 370032bytes
Now throughput of udp is : 370032bytes
18.3889	4870
Now throughput of tcp is : 395408bytes
Now throughput of tcp is : 395408bytes
Now throughput of udp is : 370032bytes
Now throughput of udp is : 370032bytes
18.3942	4928
Now throughput of tcp is : 395408bytes
Now throughput of tcp is : 395408bytes
Now throughput of udp is : 370032bytes
Now throughput of tcp is : 395408bytes
Now throughput of tcp is : 395408bytes
18.3995	4986
Now throughput of udp is : 370032bytes
Now throughput of udp is : 370032bytes
18.4031	5043
Now throughput of tcp is : 395408bytes
Now throughput of tcp is : 395408bytes
Now throughput of tcp is : 395408bytes
Now throughput of udp is : 370032bytes
Now throughput of tcp is : 395408bytes
18.4084	5099
Now throughput of tcp is : 395408bytes
Now throughput of udp is : 370032bytes
18.412	5155
Now throughput of udp is : 370032bytes
Now throughput of tcp is : 395408bytes
Now throughput of tcp is : 395408bytes
Now throughput of udp is : 370032bytes
18.4173	5210
Now throughput of udp is : 370032bytes
Now throughput of tcp is : 395408bytes
Now throughput of tcp is : 395408bytes
Now throughput of udp is : 370032bytes
18.4226	5265
Now throughput of udp is : 370032bytes
Now throughput of tcp is : 395408bytes
Now throughput of tcp is : 395408bytes
Now throughput of udp is : 370032bytes
Now throughput of tcp is : 395408bytes
18.4279	5319
Now throughput of tcp is : 395408bytes
Now throughput of udp is : 370032bytes
18.4315	5373
Now throughput of udp is : 370032bytes
Now throughput of tcp is : 395408bytes
Now throughput of tcp is : 395408bytes
Now throughput of udp is : 370032bytes
18.4368	5426
Now throughput of udp is : 370032bytes
Now throughput of tcp is : 395408bytes
Now throughput of tcp is : 395408bytes
Now throughput of udp is : 370032bytes
18.4421	5478
Now throughput of udp is : 370032bytes
Now throughput of tcp is : 395408bytes
Now throughput of tcp is : 395408bytes
Now throughput of udp is : 370032bytes
Now throughput of tcp is : 395408bytes
18.4475	5530
Now throughput of tcp is : 395408bytes
Now throughput of tcp is : 395408bytes
Now throughput of udp is : 370032bytes
18.4511	5581
Now throughput of udp is : 370032bytes
18.4529	5632
Now throughput of tcp is : 395408bytes
Now throughput of tcp is : 395408bytes
Now throughput of udp is : 370032bytes
Now throughput of udp is : 370032bytes
18.4583	5683
Now throughput of tcp is : 395408bytes
Now throughput of tcp is : 395408bytes
Now throughput of udp is : 370032bytes
Now throughput of udp is : 370032bytes
18.4636	5733
Now throughput of tcp is : 395408bytes
Now throughput of tcp is : 395408bytes
Now throughput of udp is : 370032bytes
Now throughput of tcp is : 395408bytes
Now throughput of tcp is : 395408bytes
18.4689	5783
Now throughput of udp is : 370032bytes
Now throughput of tcp is : 395408bytes
Now throughput of tcp is : 395408bytes
18.4725	5832
Now throughput of udp is : 370032bytes
Now throughput of udp is : 370032bytes
18.4761	5881
Now throughput of tcp is : 395408bytes
Now throughput of tcp is : 395408bytes
Now throughput of udp is : 370032bytes
Now throughput of tcp is : 395408bytes
Now throughput of tcp is : 395408bytes
18.4814	5929
Now throughput of udp is : 370032bytes
Now throughput of udp is : 370032bytes
18.485	5977
Now throughput of tcp is : 395408bytes
Now throughput of tcp is : 395408bytes
Now throughput of udp is : 370032bytes
Now throughput of udp is : 370032bytes
18.4903	6025
Now throughput of tcp is : 395408bytes
Now throughput of tcp is : 395408bytes
Now throughput of udp is : 370032bytes
Now throughput of tcp is : 395408bytes
Now throughput of tcp is : 395408bytes
18.4956	6072
Now throughput of udp is : 370032bytes
Now throughput of udp is : 370032bytes
18.4992	6119
Now throughput of tcp is : 395408bytes
Now throughput of tcp is : 395408bytes
Now throughput of tcp is : 395408bytes
Now throughput of udp is : 370032bytes
Now throughput of tcp is : 395408bytes
18.5045	6165
Now throughput of tcp is : 395408bytes
Now throughput of udp is : 370032bytes
18.5081	6211
Now throughput of udp is : 370032bytes
Now throughput of tcp is : 395408bytes
Now throughput of tcp is : 395408bytes
Now throughput of udp is : 370032bytes
18.5134	6257
Now throughput of udp is : 370032bytes
Now throughput of tcp is : 395408bytes
Now throughput of tcp is : 395408bytes
Now throughput of udp is : 370032bytes
Now throughput of tcp is : 395408bytes
18.5188	6302
Now throughput of tcp is : 395408bytes
Now throughput of udp is : 370032bytes
18.5224	6347
Now throughput of udp is : 370032bytes
Now throughput of tcp is : 395408bytes
Now throughput of tcp is : 395408bytes
Now throughput of udp is : 370032bytes
18.5277	6392
Now throughput of udp is : 370032bytes
Now throughput of tcp is : 395408bytes
Now throughput of tcp is : 395408bytes
Now throughput of udp is : 370032bytes
Now throughput of tcp is : 395408bytes
18.533	6436
Now throughput of tcp is : 395408bytes
Now throughput of udp is : 370032bytes
18.5366	6480
Now throughput of udp is : 370032bytes
Now throughput of tcp is : 395408bytes
Now throughput of tcp is : 395408bytes
Now throughput of udp is : 370032bytes
18.5419	6524
Now throughput of udp is : 370032bytes
Now throughput of tcp is : 395408bytes
Now throughput of tcp is : 395408bytes
Now throughput of udp is : 370032bytes
18.5472	6568
Now throughput of udp is : 370032bytes
Now throughput of tcp is : 395408bytes
Now throughput of tcp is : 395408bytes
Now throughput of udp is : 370032bytes
Now throughput of tcp is : 395408bytes
18.5525	6611
Now throughput of tcp is : 395408bytes
Now throughput of tcp is : 395408bytes
Now throughput of udp is : 370032bytes
18.5561	6654
Now throughput of udp is : 370032bytes
18.558	6697
Now throughput of tcp is : 395408bytes
Now throughput of tcp is : 395408bytes
Now throughput of udp is : 370032bytes
Now throughput of udp is : 370032bytes
18.5633	6739
Now throughput of tcp is : 395408bytes
Now throughput of tcp is : 395408bytes
Now throughput of udp is : 370032bytes
Now throughput of udp is : 370032bytes
18.5686	6781
Now throughput of tcp is : 395408bytes
Now throughput of tcp is : 395408bytes
Now throughput of udp is : 370032bytes
Now throughput of udp is : 370032bytes
18.5739	6823
Now throughput of tcp is : 395408bytes
Now throughput of tcp is : 395408bytes
Now throughput of udp is : 370032bytes
Now throughput of tcp is : 395408bytes
Now throughput of tcp is : 395408bytes
18.5793	6865
Now throughput of udp is : 370032bytes
Now throughput of tcp is : 395408bytes
Now throughput of tcp is : 395408bytes
18.5829	6906
Now throughput of udp is : 370032bytes
Now throughput of tcp is : 395408bytes
Now throughput of tcp is : 395408bytes
18.5865	6947
Now throughput of udp is : 370032bytes
Now throughput of udp is : 370032bytes
18.5901	6988
Now throughput of tcp is : 395408bytes
Now throughput of tcp is : 395408bytes
Now throughput of udp is : 370032bytes
Now throughput of udp is : 370032bytes
18.5954	7029
Now throughput of tcp is : 395408bytes
Now throughput of tcp is : 395408bytes
Now throughput of udp is : 370032bytes
18.6007	7069
Now throughput of tcp is : 395408bytes
Now throughput of tcp is : 395408bytes
Now throughput of udp is : 370032bytes
Now throughput of tcp is : 395408bytes
Now throughput of tcp is : 395408bytes
18.606	7109
Now throughput of udp is : 370032bytes
Now throughput of udp is : 370032bytes
18.6096	7149
Now throughput of tcp is : 395408bytes
Now throughput of tcp is : 395408bytes
Now throughput of udp is : 370032bytes
Now throughput of tcp is : 395408bytes
Now throughput of tcp is : 395408bytes
18.6149	7189
Now throughput of tcp is : 395408bytes
Now throughput of udp is : 370032bytes
18.6185	7228
Now throughput of udp is : 370032bytes
Now throughput of tcp is : 395408bytes
Now throughput of tcp is : 395408bytes
Now throughput of udp is : 370032bytes
18.6238	7267
Now throughput of udp is : 370032bytes
Now throughput of tcp is : 395408bytes
Now throughput of tcp is : 395408bytes
Now throughput of udp is : 370032bytes
18.6291	7306
Now throughput of udp is : 370032bytes
Now throughput of tcp is : 395408bytes
Now throughput of tcp is : 395408bytes
Now throughput of udp is : 370032bytes
Now throughput of tcp is : 395408bytes
18.6344	7345
Now throughput of tcp is : 395408bytes
Now throughput of udp is : 370032bytes
18.638	7384
Now throughput of udp is : 370032bytes
Now throughput of tcp is : 395408bytes
Now throughput of tcp is : 395408bytes
Now throughput of udp is : 370032bytes
Now throughput of tcp is : 395408bytes
18.6433	7422
Now throughput of tcp is : 395408bytes
Now throughput of udp is : 370032bytes
18.6469	7460
Now throughput of udp is : 370032bytes
Now throughput of tcp is : 395408bytes
Now throughput of tcp is : 395408bytes
Now throughput of udp is : 370032bytes
18.6523	7498
Now throughput of udp is : 370032bytes
Now throughput of tcp is : 395408bytes
Now throughput of tcp is : 395408bytes
Now throughput of udp is : 370032bytes
18.6576	7536
Now throughput of udp is : 370032bytes
Now throughput of tcp is : 395408bytes
Now throughput of tcp is : 395408bytes
Now throughput of udp is : 370032bytes
Now throughput of tcp is : 395408bytes
18.6629	7574
Now throughput of tcp is : 395408bytes
Now throughput of udp is : 370032bytes
18.6665	7611
Now throughput of udp is : 370032bytes
Now throughput of tcp is : 395408bytes
Now throughput of tcp is : 395408bytes
Now throughput of udp is : 370032bytes
18.6718	7648
Now throughput of udp is : 370032bytes
Now throughput of tcp is : 395408bytes
Now throughput of tcp is : 395408bytes
Now throughput of udp is : 370032bytes
Now throughput of tcp is : 395408bytes
18.6771	7685
Now throughput of tcp is : 395408bytes
Now throughput of udp is : 370032bytes
18.6807	7722
Now throughput of udp is : 370032bytes
Now throughput of tcp is : 395408bytes
Now throughput of tcp is : 395408bytes
Now throughput of udp is : 370032bytes
18.686	7759
Now throughput of udp is : 370032bytes
Now throughput of udp is : 370032bytes
18.6923	7796
Now throughput of udp is : 370032bytes
Now throughput of udp is : 370032bytes
18.6985	5092
Now throughput of udp is : 370032bytes
18.7029	5628
18.7038	6164
Now throughput of udp is : 370032bytes
18.7065	6700
Now throughput of udp is : 370032bytes
18.7074	7236
Now throughput of udp is : 370032bytes
18.7118	7772
Now throughput of udp is : 370032bytes
18.7128	8308
Now throughput of udp is : 370032bytes
18.7171	8844
Now throughput of udp is : 370032bytes
18.7181	9380
Now throughput of udp is : 370032bytes
18.7224	9916
Now throughput of udp is : 370032bytes
18.7234	10452
Now throughput of tcp is : 395408bytes
Now throughput of udp is : 370032bytes
18.7277	10988
Now throughput of udp is : 370032bytes
18.7287	3216
Now throughput of udp is : 370032bytes
Now throughput of udp is : 370032bytes
Now throughput of udp is : 370032bytes
Now throughput of udp is : 370032bytes
Now throughput of tcp is : 395408bytes
Now throughput of udp is : 370032bytes
Now throughput of udp is : 370032bytes
Now throughput of tcp is : 395408bytes
Now throughput of udp is : 370032bytes
Now throughput of udp is : 370032bytes
18.746	3752
18.746	3828
Now throughput of tcp is : 395408bytes
Now throughput of tcp is : 395408bytes
Now throughput of tcp is : 395408bytes
Now throughput of tcp is : 395408bytes
Now throughput of udp is : 370032bytes
18.7513	3903
Now throughput of udp is : 370032bytes
18.7532	3976
Now throughput of udp is : 370032bytes
Now throughput of udp is : 370032bytes
Now throughput of udp is : 370032bytes
Now throughput of udp is : 370032bytes
Now throughput of tcp is : 395408bytes
Now throughput of tcp is : 395408bytes
Now throughput of tcp is : 395408bytes
Now throughput of udp is : 370032bytes
18.7653	4048
Now throughput of udp is : 370032bytes
Now throughput of tcp is : 395408bytes
Now throughput of tcp is : 395408bytes
Now throughput of udp is : 370032bytes
Now throughput of tcp is : 395408bytes
18.7707	4118
Now throughput of tcp is : 395408bytes
Now throughput of udp is : 370032bytes
18.7743	4187
Now throughput of udp is : 370032bytes
Now throughput of udp is : 370032bytes
Now throughput of udp is : 370032bytes
Now throughput of tcp is : 395408bytes
Now throughput of tcp is : 395408bytes
Now throughput of udp is : 370032bytes
18.783	4255
Now throughput of udp is : 370032bytes
Now throughput of tcp is : 395408bytes
Now throughput of tcp is : 395408bytes
Now throughput of udp is : 370032bytes
Now throughput of tcp is : 395408bytes
18.7883	4322
Now throughput of tcp is : 395408bytes
Now throughput of udp is : 370032bytes
18.7919	4388
Now throughput of udp is : 370032bytes
Now throughput of udp is : 370032bytes
Now throughput of udp is : 370032bytes
Now throughput of tcp is : 395408bytes
Now throughput of tcp is : 395408bytes
Now throughput of udp is : 370032bytes
18.8006	4453
Now throughput of udp is : 370032bytes
Now throughput of udp is : 370032bytes
18.8069	4517
Now throughput of udp is : 370032bytes
Now throughput of udp is : 370032bytes
18.8114	3484
Now throughput of udp is : 370032bytes
Now throughput of udp is : 370032bytes
18.8175	4020
Now throughput of udp is : 370032bytes
18.8185	4556
Now throughput of udp is : 370032bytes
18.8228	5092
Now throughput of udp is : 370032bytes
Now throughput of tcp is : 395408bytes
18.8255	5628
Now throughput of udp is : 370032bytes
18.8281	6164
Now throughput of udp is : 370032bytes
18.8291	1876
Now throughput of udp is : 370032bytes
Now throughput of udp is : 370032bytes
Now throughput of udp is : 370032bytes
Now throughput of udp is : 370032bytes
Now throughput of tcp is : 395408bytes
Now throughput of tcp is : 395408bytes
Now throughput of tcp is : 395408bytes
Now throughput of udp is : 370032bytes
18.8413	2029
Now throughput of udp is : 370032bytes
Now throughput of udp is : 370032bytes
Now throughput of udp is : 370032bytes
Now throughput of udp is : 370032bytes
Now throughput of tcp is : 395408bytes
Now throughput of tcp is : 395408bytes
Now throughput of udp is : 370032bytes
18.8534	2170
Now throughput of udp is : 370032bytes
Now throughput of udp is : 370032bytes
Now throughput of udp is : 370032bytes
Now throughput of tcp is : 395408bytes
Now throughput of tcp is : 395408bytes
Now throughput of tcp is : 395408bytes
Now throughput of udp is : 370032bytes
18.8645	2302
Now throughput of udp is : 370032bytes
18.8664	2426
Now throughput of udp is : 370032bytes
Now throughput of udp is : 370032bytes
Now throughput of tcp is : 395408bytes
Now throughput of tcp is : 395408bytes
Now throughput of udp is : 370032bytes
Now throughput of tcp is : 395408bytes
Now throughput of tcp is : 395408bytes
18.8765	2544
Now throughput of udp is : 370032bytes
Now throughput of udp is : 370032bytes
18.8801	2656
Now throughput of udp is : 370032bytes
Now throughput of tcp is : 395408bytes
Now throughput of tcp is : 395408bytes
Now throughput of udp is : 370032bytes
Now throughput of udp is : 370032bytes
18.8876	2764
Now throughput of tcp is : 395408bytes
Now throughput of tcp is : 395408bytes
Now throughput of udp is : 370032bytes
Now throughput of udp is : 370032bytes
18.8936	2867
Now throughput of tcp is : 395408bytes
Now throughput of tcp is : 395408bytes
Now throughput of tcp is : 395408bytes
Now throughput of udp is : 370032bytes
18.8989	2967
Now throughput of udp is : 370032bytes
Now throughput of udp is : 370032bytes
Now throughput of tcp is : 395408bytes
Now throughput of tcp is : 395408bytes
Now throughput of udp is : 370032bytes
Now throughput of tcp is : 395408bytes
18.9064	3063
Now throughput of tcp is : 395408bytes
Now throughput of udp is : 370032bytes
18.91	3156
Now throughput of udp is : 370032bytes
Now throughput of udp is : 370032bytes
Now throughput of tcp is : 395408bytes
Now throughput of tcp is : 395408bytes
Now throughput of udp is : 370032bytes
Now throughput of tcp is : 395408bytes
18.9172	3247
Now throughput of tcp is : 395408bytes
Now throughput of udp is : 370032bytes
18.9208	3335
Now throughput of udp is : 370032bytes
Now throughput of udp is : 370032bytes
Now throughput of tcp is : 395408bytes
Now throughput of tcp is : 395408bytes
Now throughput of tcp is : 395408bytes
Now throughput of udp is : 370032bytes
18.9283	3421
Now throughput of tcp is : 395408bytes
Now throughput of tcp is : 395408bytes
18.9302	3504
Now throughput of udp is : 370032bytes
Now throughput of udp is : 370032bytes
18.9338	3585
Now throughput of udp is : 370032bytes
Now throughput of tcp is : 395408bytes
Now throughput of tcp is : 395408bytes
Now throughput of udp is : 370032bytes
Now throughput of tcp is : 395408bytes
Now throughput of tcp is : 395408bytes
18.9408	3665
Now throughput of udp is : 370032bytes
Now throughput of tcp is : 395408bytes
Now throughput of tcp is : 395408bytes
18.9444	3743
Now throughput of udp is : 370032bytes
Now throughput of udp is : 370032bytes
18.948	3819
Now throughput of udp is : 370032bytes
Now throughput of tcp is : 395408bytes
Now throughput of tcp is : 395408bytes
Now throughput of udp is : 370032bytes
Now throughput of tcp is : 395408bytes
Now throughput of tcp is : 395408bytes
18.955	3894
Now throughput of udp is : 370032bytes
Now throughput of tcp is : 395408bytes
Now throughput of tcp is : 395408bytes
18.9586	3967
Now throughput of tcp is : 395408bytes
Now throughput of udp is : 370032bytes
18.9622	4039
Now throughput of udp is : 370032bytes
Now throughput of udp is : 370032bytes
Now throughput of tcp is : 395408bytes
Now throughput of tcp is : 395408bytes
Now throughput of udp is : 370032bytes
Now throughput of tcp is : 395408bytes
18.9692	4110
Now throughput of tcp is : 395408bytes
Now throughput of udp is : 370032bytes
Now throughput of tcp is : 395408bytes
18.9728	4179
Now throughput of tcp is : 395408bytes
Now throughput of udp is : 370032bytes
18.9764	4247
Now throughput of udp is : 370032bytes
Now throughput of udp is : 370032bytes
Now throughput of tcp is : 395408bytes
Now throughput of tcp is : 395408bytes
Now throughput of udp is : 370032bytes
Now throughput of tcp is : 395408bytes
18.9835	4314
Now throughput of tcp is : 395408bytes
Now throughput of udp is : 370032bytes
Now throughput of tcp is : 395408bytes
18.9871	4380
Now throughput of tcp is : 395408bytes
Now throughput of udp is : 370032bytes
18.9907	4445
Now throughput of udp is : 370032bytes
Now throughput of udp is : 370032bytes
Now throughput of tcp is : 395408bytes
Now throughput of tcp is : 395408bytes
Now throughput of tcp is : 395408bytes
Now throughput of udp is : 370032bytes
18.9977	4509
Now throughput of tcp is : 395408bytes
Now throughput of tcp is : 395408bytes
18.9996	4572
Now throughput of udp is : 370032bytes
Now throughput of udp is : 370032bytes
19.0032	4634
Now throughput of tcp is : 395408bytes
Now throughput of tcp is : 395408bytes
Now throughput of udp is : 370032bytes
Now throughput of udp is : 370032bytes
19.0085	4695
Now throughput of tcp is : 395408bytes
Now throughput of tcp is : 395408bytes
Now throughput of udp is : 370032bytes
Now throughput of tcp is : 395408bytes
Now throughput of tcp is : 395408bytes
19.0138	4756
Now throughput of udp is : 370032bytes
Now throughput of tcp is : 395408bytes
Now throughput of tcp is : 395408bytes
19.0174	4816
Now throughput of udp is : 370032bytes
Now throughput of udp is : 370032bytes
19.021	4875
Now throughput of tcp is : 395408bytes
Now throughput of tcp is : 395408bytes
Now throughput of udp is : 370032bytes
Now throughput of udp is : 370032bytes
19.0263	4933
Now throughput of tcp is : 395408bytes
Now throughput of tcp is : 395408bytes
Now throughput of udp is : 370032bytes
Now throughput of tcp is : 395408bytes
Now throughput of tcp is : 395408bytes
19.0316	4991
Now throughput of udp is : 370032bytes
Now throughput of tcp is : 395408bytes
Now throughput of tcp is : 395408bytes
19.0352	5048
Now throughput of tcp is : 395408bytes
Now throughput of udp is : 370032bytes
19.0388	5104
Now throughput of udp is : 370032bytes
Now throughput of tcp is : 395408bytes
Now throughput of tcp is : 395408bytes
Now throughput of udp is : 370032bytes
19.0441	5160
Now throughput of udp is : 370032bytes
Now throughput of tcp is : 395408bytes
Now throughput of tcp is : 395408bytes
Now throughput of udp is : 370032bytes
19.0494	5215
Now throughput of udp is : 370032bytes
Now throughput of tcp is : 395408bytes
Now throughput of tcp is : 395408bytes
Now throughput of udp is : 370032bytes
Now throughput of tcp is : 395408bytes
19.0548	5270
Now throughput of tcp is : 395408bytes
Now throughput of udp is : 370032bytes
19.0584	5324
Now throughput of udp is : 370032bytes
Now throughput of tcp is : 395408bytes
Now throughput of tcp is : 395408bytes
Now throughput of udp is : 370032bytes
19.0637	5377
Now throughput of udp is : 370032bytes
Now throughput of tcp is : 395408bytes
Now throughput of tcp is : 395408bytes
Now throughput of udp is : 370032bytes
19.069	5430
Now throughput of udp is : 370032bytes
Now throughput of tcp is : 395408bytes
Now throughput of tcp is : 395408bytes
Now throughput of udp is : 370032bytes
Now throughput of tcp is : 395408bytes
19.0743	5482
Now throughput of tcp is : 395408bytes
Now throughput of udp is : 370032bytes
19.0779	5534
Now throughput of udp is : 370032bytes
Now throughput of tcp is : 395408bytes
Now throughput of tcp is : 395408bytes
Now throughput of tcp is : 395408bytes
19.0832	5585
Now throughput of udp is : 370032bytes
19.0851	5636
Now throughput of tcp is : 395408bytes
Now throughput of tcp is : 395408bytes
Now throughput of udp is : 370032bytes
Now throughput of udp is : 370032bytes
19.0904	5686
Now throughput of tcp is : 395408bytes
Now throughput of tcp is : 395408bytes
Now throughput of udp is : 370032bytes
Now throughput of tcp is : 395408bytes
Now throughput of tcp is : 395408bytes
19.0957	5736
Now throughput of udp is : 370032bytes
Now throughput of udp is : 370032bytes
19.0993	5786
Now throughput of tcp is : 395408bytes
Now throughput of tcp is : 395408bytes
Now throughput of udp is : 370032bytes
Now throughput of tcp is : 395408bytes
Now throughput of tcp is : 395408bytes
19.1046	5835
Now throughput of udp is : 370032bytes
Now throughput of tcp is : 395408bytes
Now throughput of tcp is : 395408bytes
19.1082	5884
Now throughput of udp is : 370032bytes
Now throughput of udp is : 370032bytes
19.1118	5932
Now throughput of tcp is : 395408bytes
Now throughput of tcp is : 395408bytes
Now throughput of udp is : 370032bytes
Now throughput of udp is : 370032bytes
19.1171	5980
Now throughput of tcp is : 395408bytes
Now throughput of tcp is : 395408bytes
Now throughput of udp is : 370032bytes
Now throughput of udp is : 370032bytes
19.1224	6028
Now throughput of tcp is : 395408bytes
Now throughput of tcp is : 395408bytes
Now throughput of udp is : 370032bytes
Now throughput of tcp is : 395408bytes
Now throughput of tcp is : 395408bytes
19.1278	6075
Now throughput of udp is : 370032bytes
Now throughput of tcp is : 395408bytes
Now throughput of tcp is : 395408bytes
19.1314	6122
Now throughput of tcp is : 395408bytes
Now throughput of udp is : 370032bytes
19.135	6168
Now throughput of udp is : 370032bytes
Now throughput of tcp is : 395408bytes
Now throughput of tcp is : 395408bytes
Now throughput of udp is : 370032bytes
19.1403	6214
Now throughput of udp is : 370032bytes
Now throughput of tcp is : 395408bytes
Now throughput of tcp is : 395408bytes
Now throughput of udp is : 370032bytes
19.1456	6260
Now throughput of udp is : 370032bytes
Now throughput of tcp is : 395408bytes
Now throughput of tcp is : 395408bytes
Now throughput of udp is : 370032bytes
Now throughput of tcp is : 395408bytes
19.1509	6305
Now throughput of tcp is : 395408bytes
Now throughput of udp is : 370032bytes
19.1545	6350
Now throughput of udp is : 370032bytes
Now throughput of tcp is : 395408bytes
Now throughput of tcp is : 395408bytes
Now throughput of udp is : 370032bytes
Now throughput of tcp is : 395408bytes
19.1598	6395
Now throughput of tcp is : 395408bytes
Now throughput of udp is : 370032bytes
19.1634	6439
Now throughput of udp is : 370032bytes
Now throughput of tcp is : 395408bytes
Now throughput of tcp is : 395408bytes
Now throughput of udp is : 370032bytes
19.1687	6483
Now throughput of udp is : 370032bytes
Now throughput of tcp is : 395408bytes
Now throughput of tcp is : 395408bytes
Now throughput of udp is : 370032bytes
19.174	6527
Now throughput of udp is : 370032bytes
Now throughput of tcp is : 395408bytes
Now throughput of tcp is : 395408bytes
Now throughput of udp is : 370032bytes
19.1793	6571
Now throughput of udp is : 370032bytes
Now throughput of tcp is : 395408bytes
Now throughput of tcp is : 395408bytes
Now throughput of udp is : 370032bytes
Now throughput of tcp is : 395408bytes
19.1847	6614
Now throughput of tcp is : 395408bytes
Now throughput of tcp is : 395408bytes
Now throughput of udp is : 370032bytes
19.1883	6657
Now throughput of udp is : 370032bytes
19.1901	6700
Now throughput of tcp is : 395408bytes
Now throughput of tcp is : 395408bytes
Now throughput of udp is : 370032bytes
Now throughput of udp is : 370032bytes
19.1955	6742
Now throughput of tcp is : 395408bytes
Now throughput of tcp is : 395408bytes
Now throughput of udp is : 370032bytes
Now throughput of udp is : 370032bytes
19.2008	6784
Now throughput of tcp is : 395408bytes
Now throughput of tcp is : 395408bytes
Now throughput of udp is : 370032bytes
Now throughput of tcp is : 395408bytes
Now throughput of tcp is : 395408bytes
19.2061	6826
Now throughput of udp is : 370032bytes
Now throughput of udp is : 370032bytes
19.2097	6868
Now throughput of tcp is : 395408bytes
Now throughput of tcp is : 395408bytes
Now throughput of tcp is : 395408bytes
Now throughput of tcp is : 395408bytes
Now throughput of udp is : 370032bytes
19.215	6909
Now throughput of udp is : 370032bytes
19.2169	6950
Now throughput of tcp is : 395408bytes
Now throughput of tcp is : 395408bytes
Now throughput of udp is : 370032bytes
Now throughput of udp is : 370032bytes
19.2222	6991
Now throughput of tcp is : 395408bytes
Now throughput of tcp is : 395408bytes
Now throughput of udp is : 370032bytes
Now throughput of udp is : 370032bytes
19.2275	7032
Now throughput of tcp is : 395408bytes
Now throughput of tcp is : 395408bytes
Now throughput of udp is : 370032bytes
Now throughput of tcp is : 395408bytes
Now throughput of tcp is : 395408bytes
19.2328	7072
Now throughput of udp is : 370032bytes
Now throughput of udp is : 370032bytes
19.2364	7112
Now throughput of tcp is : 395408bytes
Now throughput of tcp is : 395408bytes
Now throughput of udp is : 370032bytes
Now throughput of tcp is : 395408bytes
Now throughput of tcp is : 395408bytes
19.2417	7152
Now throughput of udp is : 370032bytes
Now throughput of udp is : 370032bytes
19.2453	7192
Now throughput of tcp is : 395408bytes
Now throughput of tcp is : 395408bytes
Now throughput of tcp is : 395408bytes
Now throughput of udp is : 370032bytes
19.2506	7231
Now throughput of udp is : 370032bytes
Now throughput of tcp is : 395408bytes
Now throughput of tcp is : 395408bytes
Now throughput of udp is : 370032bytes
19.256	7270
Now throughput of udp is : 370032bytes
Now throughput of tcp is : 395408bytes
Now throughput of tcp is : 395408bytes
Now throughput of udp is : 370032bytes
Now throughput of tcp is : 395408bytes
19.2613	7309
Now throughput of tcp is : 395408bytes
Now throughput of udp is : 370032bytes
19.2649	7348
Now throughput of udp is : 370032bytes
Now throughput of tcp is : 395408bytes
Now throughput of tcp is : 395408bytes
Now throughput of udp is : 370032bytes
Now throughput of tcp is : 395408bytes
19.2702	7387
Now throughput of tcp is : 395408bytes
Now throughput of udp is : 370032bytes
19.2738	7425
Now throughput of udp is : 370032bytes
Now throughput of tcp is : 395408bytes
Now throughput of tcp is : 395408bytes
Now throughput of udp is : 370032bytes
19.2791	7463
Now throughput of udp is : 370032bytes
Now throughput of tcp is : 395408bytes
Now throughput of tcp is : 395408bytes
Now throughput of udp is : 370032bytes
19.2844	7501
Now throughput of udp is : 370032bytes
Now throughput of tcp is : 395408bytes
Now throughput of tcp is : 395408bytes
Now throughput of udp is : 370032bytes
Now throughput of tcp is : 395408bytes
19.2897	7539
Now throughput of tcp is : 395408bytes
Now throughput of udp is : 370032bytes
19.2933	7577
Now throughput of udp is : 370032bytes
Now throughput of tcp is : 395408bytes
Now throughput of tcp is : 395408bytes
Now throughput of udp is : 370032bytes
19.2986	7614
Now throughput of udp is : 370032bytes
Now throughput of tcp is : 395408bytes
Now throughput of udp is : 370032bytes
19.3039	7651
Now throughput of udp is : 370032bytes
Now throughput of udp is : 370032bytes
Now throughput of udp is : 370032bytes
19.3128	5092
Now throughput of udp is : 370032bytes
19.3138	5628
Now throughput of udp is : 370032bytes
19.3182	6164
19.3191	6700
Now throughput of udp is : 370032bytes
19.32	7236
Now throughput of udp is : 370032bytes
19.3244	7772
Now throughput of udp is : 370032bytes
19.3254	8308
Now throughput of udp is : 370032bytes
19.3297	8844
19.3307	9380
Now throughput of udp is : 370032bytes
19.3333	9916
Now throughput of udp is : 370032bytes
19.3343	10452
Now throughput of udp is : 370032bytes
19.3386	10988
Now throughput of udp is : 370032bytes
Now throughput of tcp is : 395408bytes
19.3413	11524
Now throughput of udp is : 370032bytes
Now throughput of udp is : 370032bytes
19.344	2680
Now throughput of udp is : 370032bytes
Now throughput of udp is : 370032bytes
Now throughput of udp is : 370032bytes
Now throughput of udp is : 370032bytes
Now throughput of tcp is : 395408bytes
Now throughput of udp is : 370032bytes
Now throughput of tcp is : 395408bytes
Now throughput of udp is : 370032bytes
Now throughput of udp is : 370032bytes
19.3578	3216
Now throughput of udp is : 370032bytes
Now throughput of udp is : 370032bytes
Now throughput of tcp is : 395408bytes
Now throughput of tcp is : 395408bytes
Now throughput of tcp is : 395408bytes
Now throughput of udp is : 370032bytes
19.3666	3752
19.3666	3828
Now throughput of udp is : 370032bytes
Now throughput of udp is : 370032bytes
Now throughput of udp is : 370032bytes
Now throughput of udp is : 370032bytes
Now throughput of tcp is : 395408bytes
Now throughput of tcp is : 395408bytes
Now throughput of tcp is : 395408bytes
Now throughput of udp is : 370032bytes
19.377	3903
Now throughput of udp is : 370032bytes
19.3789	3976
Now throughput of udp is : 370032bytes
Now throughput of tcp is : 395408bytes
Now throughput of tcp is : 395408bytes
Now throughput of tcp is : 395408bytes
Now throughput of udp is : 370032bytes
19.3859	4048
Now throughput of udp is : 370032bytes
Now throughput of udp is : 370032bytes
Now throughput of udp is : 370032bytes
Now throughput of tcp is : 395408bytes
Now throughput of tcp is : 395408bytes
Now throughput of udp is : 370032bytes
Now throughput of tcp is : 395408bytes
19.3947	4118
Now throughput of tcp is : 395408bytes
Now throughput of udp is : 370032bytes
19.3983	4187
Now throughput of udp is : 370032bytes
Now throughput of tcp is : 395408bytes
Now throughput of tcp is : 395408bytes
Now throughput of udp is : 370032bytes
19.4036	4255
Now throughput of udp is : 370032bytes
Now throughput of udp is : 370032bytes
Now throughput of tcp is : 395408bytes
Now throughput of tcp is : 395408bytes
Now throughput of udp is : 370032bytes
Now throughput of tcp is : 395408bytes
19.4106	4322
Now throughput of tcp is : 395408bytes
Now throughput of udp is : 370032bytes
19.4142	4388
Now throughput of udp is : 370032bytes
Now throughput of tcp is : 395408bytes
Now throughput of tcp is : 395408bytes
Now throughput of udp is : 370032bytes
19.4195	4453
Now throughput of udp is : 370032bytes
Now throughput of udp is : 370032bytes
Now throughput of tcp is : 395408bytes
Now throughput of tcp is : 395408bytes
Now throughput of tcp is : 395408bytes
Now throughput of udp is : 370032bytes
19.4265	4517
Now throughput of tcp is : 395408bytes
Now throughput of tcp is : 395408bytes
19.4284	4580
Now throughput of udp is : 370032bytes
Now throughput of udp is : 370032bytes
19.432	4642
Now throughput of tcp is : 395408bytes
Now throughput of tcp is : 395408bytes
Now throughput of udp is : 370032bytes
Now throughput of udp is : 370032bytes
19.4373	4703
Now throughput of udp is : 370032bytes
Now throughput of tcp is : 395408bytes
Now throughput of tcp is : 395408bytes
Now throughput of tcp is : 395408bytes
Now throughput of tcp is : 395408bytes
Now throughput of udp is : 370032bytes
19.4444	4764
Now throughput of udp is : 370032bytes
19.4462	4824
Now throughput of tcp is : 395408bytes
Now throughput of tcp is : 395408bytes
Now throughput of udp is : 370032bytes
Now throughput of udp is : 370032bytes
19.4516	4883
Now throughput of udp is : 370032bytes
Now throughput of udp is : 370032bytes
Now throughput of udp is : 370032bytes
19.4622	3752
Now throughput of udp is : 370032bytes
19.4648	4288
19.4658	4824
Now throughput of udp is : 370032bytes
19.4667	5360
Now throughput of udp is : 370032bytes
19.4711	5896
Now throughput of udp is : 370032bytes
19.472	6432
Now throughput of udp is : 370032bytes
19.4764	6968
Now throughput of udp is : 370032bytes
Now throughput of tcp is : 395408bytes
19.4791	7504
Now throughput of udp is : 370032bytes
Now throughput of udp is : 370032bytes
19.4817	2144
Now throughput of udp is : 370032bytes
Now throughput of tcp is : 395408bytes
Now throughput of udp is : 370032bytes
Now throughput of udp is : 370032bytes
Now throughput of tcp is : 395408bytes
Now throughput of udp is : 370032bytes
Now throughput of tcp is : 395408bytes
19.4922	2278
Now throughput of udp is : 370032bytes
Now throughput of tcp is : 395408bytes
Now throughput of udp is : 370032bytes
Now throughput of udp is : 370032bytes
19.4975	2404
Now throughput of udp is : 370032bytes
Now throughput of tcp is : 395408bytes
Now throughput of tcp is : 395408bytes
Now throughput of udp is : 370032bytes
Now throughput of udp is : 370032bytes
19.5045	2523
Now throughput of tcp is : 395408bytes
Now throughput of tcp is : 395408bytes
Now throughput of udp is : 370032bytes
Now throughput of udp is : 370032bytes
19.5098	2636
Now throughput of udp is : 370032bytes
Now throughput of tcp is : 395408bytes
Now throughput of tcp is : 395408bytes
Now throughput of udp is : 370032bytes
Now throughput of udp is : 370032bytes
19.5172	2744
Now throughput of tcp is : 395408bytes
Now throughput of tcp is : 395408bytes
Now throughput of udp is : 370032bytes
19.5227	2848
Now throughput of tcp is : 395408bytes
Now throughput of tcp is : 395408bytes
Now throughput of tcp is : 395408bytes
Now throughput of udp is : 370032bytes
19.5283	2948
Now throughput of udp is : 370032bytes
Now throughput of tcp is : 395408bytes
Now throughput of tcp is : 395408bytes
Now throughput of udp is : 370032bytes
19.5342	3045
Now throughput of udp is : 370032bytes
Now throughput of tcp is : 395408bytes
Now throughput of tcp is : 395408bytes
Now throughput of udp is : 370032bytes
19.5396	3139
Now throughput of udp is : 370032bytes
Now throughput of udp is : 370032bytes
Now throughput of tcp is : 395408bytes
Now throughput of tcp is : 395408bytes
Now throughput of udp is : 370032bytes
Now throughput of tcp is : 395408bytes
19.5467	3230
Now throughput of tcp is : 395408bytes
Now throughput of udp is : 370032bytes
19.5503	3318
Now throughput of udp is : 370032bytes
Now throughput of udp is : 370032bytes
Now throughput of tcp is : 395408bytes
Now throughput of tcp is : 395408bytes
Now throughput of tcp is : 395408bytes
19.5578	3404
Now throughput of tcp is : 395408bytes
Now throughput of tcp is : 395408bytes
19.5597	3488
Now throughput of udp is : 370032bytes
Now throughput of udp is : 370032bytes
19.5633	3570
Now throughput of udp is : 370032bytes
Now throughput of tcp is : 395408bytes
Now throughput of tcp is : 395408bytes
Now throughput of udp is : 370032bytes
Now throughput of tcp is : 395408bytes
Now throughput of tcp is : 395408bytes
19.5703	3650
Now throughput of udp is : 370032bytes
Now throughput of tcp is : 395408bytes
Now throughput of tcp is : 395408bytes
19.5739	3728
Now throughput of udp is : 370032bytes
Now throughput of udp is : 370032bytes
19.5775	3805
Now throughput of udp is : 370032bytes
Now throughput of tcp is : 395408bytes
Now throughput of tcp is : 395408bytes
Now throughput of udp is : 370032bytes
Now throughput of tcp is : 395408bytes
Now throughput of tcp is : 395408bytes
19.5846	3880
Now throughput of udp is : 370032bytes
Now throughput of tcp is : 395408bytes
Now throughput of tcp is : 395408bytes
19.5882	3954
Now throughput of tcp is : 395408bytes
Now throughput of udp is : 370032bytes
19.5918	4026
Now throughput of udp is : 370032bytes
Now throughput of udp is : 370032bytes
Now throughput of tcp is : 395408bytes
Now throughput of tcp is : 395408bytes
Now throughput of udp is : 370032bytes
Now throughput of tcp is : 395408bytes
19.5988	4097
Now throughput of tcp is : 395408bytes
Now throughput of udp is : 370032bytes
Now throughput of tcp is : 395408bytes
19.6024	4167
Now throughput of tcp is : 395408bytes
19.606	4235
Now throughput of udp is : 370032bytes
Now throughput of udp is : 370032bytes
Now throughput of tcp is : 395408bytes
Now throughput of tcp is : 395408bytes
Now throughput of udp is : 370032bytes
Now throughput of tcp is : 395408bytes
19.613	4302
Now throughput of tcp is : 395408bytes
Now throughput of udp is : 370032bytes
Now throughput of tcp is : 395408bytes
19.6166	4368
Now throughput of tcp is : 395408bytes
Now throughput of udp is : 370032bytes
19.6202	4433
Now throughput of udp is : 370032bytes
Now throughput of udp is : 370032bytes
Now throughput of tcp is : 395408bytes
Now throughput of tcp is : 395408bytes
Now throughput of tcp is : 395408bytes
Now throughput of udp is : 370032bytes
19.6272	4497
Now throughput of tcp is : 395408bytes
Now throughput of tcp is : 395408bytes
19.6291	4560
Now throughput of udp is : 370032bytes
Now throughput of udp is : 370032bytes
19.6327	4623
Now throughput of tcp is : 395408bytes
Now throughput of tcp is : 395408bytes
Now throughput of udp is : 370032bytes
Now throughput of udp is : 370032bytes
19.638	4685
Now throughput of tcp is : 395408bytes
Now throughput of tcp is : 395408bytes
Now throughput of udp is : 370032bytes
Now throughput of tcp is : 395408bytes
Now throughput of tcp is : 395408bytes
19.6433	4746
Now throughput of udp is : 370032bytes
Now throughput of tcp is : 395408bytes
Now throughput of tcp is : 395408bytes
19.6469	4806
Now throughput of udp is : 370032bytes
Now throughput of udp is : 370032bytes
19.6505	4865
Now throughput of tcp is : 395408bytes
Now throughput of tcp is : 395408bytes
Now throughput of udp is : 370032bytes
Now throughput of udp is : 370032bytes
19.6559	4924
Now throughput of tcp is : 395408bytes
Now throughput of tcp is : 395408bytes
Now throughput of udp is : 370032bytes
Now throughput of tcp is : 395408bytes
Now throughput of tcp is : 395408bytes
19.6612	4982
Now throughput of udp is : 370032bytes
Now throughput of tcp is : 395408bytes
Now throughput of tcp is : 395408bytes
19.6648	5039
Now throughput of tcp is : 395408bytes
Now throughput of udp is : 370032bytes
19.6684	5096
Now throughput of udp is : 370032bytes
Now throughput of tcp is : 395408bytes
Now throughput of tcp is : 395408bytes
Now throughput of udp is : 370032bytes
19.6737	5152
Now throughput of udp is : 370032bytes
Now throughput of tcp is : 395408bytes
Now throughput of tcp is : 395408bytes
Now throughput of udp is : 370032bytes
19.679	5207
Now throughput of udp is : 370032bytes
Now throughput of tcp is : 395408bytes
Now throughput of tcp is : 395408bytes
Now throughput of udp is : 370032bytes
Now throughput of tcp is : 395408bytes
19.6843	5262
Now throughput of tcp is : 395408bytes
Now throughput of udp is : 370032bytes
19.6879	5316
Now throughput of udp is : 370032bytes
Now throughput of tcp is : 395408bytes
Now throughput of udp is : 370032bytes
19.6932	5370
Now throughput of udp is : 370032bytes
Now throughput of udp is : 370032bytes
Now throughput of udp is : 370032bytes
Now throughput of udp is : 370032bytes
19.7038	4020
19.7048	4556
Now throughput of udp is : 370032bytes
19.7074	5092
Now throughput of udp is : 370032bytes
19.7084	5628
Now throughput of udp is : 370032bytes
19.7127	6164
19.7137	6700
Now throughput of udp is : 370032bytes
19.7146	7236
Now throughput of udp is : 370032bytes
19.719	7772
Now throughput of udp is : 370032bytes
19.7199	8308
Now throughput of tcp is : 395408bytes
Now throughput of udp is : 370032bytes
Now throughput of udp is : 370032bytes
19.7243	2412
Now throughput of udp is : 370032bytes
Now throughput of udp is : 370032bytes
Now throughput of tcp is : 395408bytes
Now throughput of udp is : 370032bytes
Now throughput of tcp is : 395408bytes
Now throughput of tcp is : 395408bytes
Now throughput of udp is : 370032bytes
19.7348	2531
Now throughput of udp is : 370032bytes
Now throughput of tcp is : 395408bytes
Now throughput of udp is : 370032bytes
Now throughput of udp is : 370032bytes
19.7401	2644
Now throughput of udp is : 370032bytes
Now throughput of udp is : 370032bytes
Now throughput of tcp is : 395408bytes
Now throughput of tcp is : 395408bytes
Now throughput of udp is : 370032bytes
Now throughput of udp is : 370032bytes
19.7488	2752
Now throughput of tcp is : 395408bytes
Now throughput of tcp is : 395408bytes
Now throughput of udp is : 370032bytes
Now throughput of udp is : 370032bytes
19.7541	2856
Now throughput of udp is : 370032bytes
Now throughput of tcp is : 395408bytes
Now throughput of tcp is : 395408bytes
Now throughput of tcp is : 395408bytes
Now throughput of udp is : 370032bytes
19.7612	2956
Now throughput of udp is : 370032bytes
Now throughput of tcp is : 395408bytes
Now throughput of tcp is : 395408bytes
Now throughput of udp is : 370032bytes
19.7665	3053
Now throughput of udp is : 370032bytes
Now throughput of tcp is : 395408bytes
Now throughput of tcp is : 395408bytes
Now throughput of udp is : 370032bytes
19.7718	3147
Now throughput of udp is : 370032bytes
Now throughput of tcp is : 395408bytes
Now throughput of tcp is : 395408bytes
Now throughput of udp is : 370032bytes
19.7774	3238
Now throughput of udp is : 370032bytes
Now throughput of tcp is : 395408bytes
Now throughput of tcp is : 395408bytes
Now throughput of udp is : 370032bytes
19.7827	3326
Now throughput of udp is : 370032bytes
Now throughput of tcp is : 395408bytes
Now throughput of tcp is : 395408bytes
Now throughput of tcp is : 395408bytes
Now throughput of udp is : 370032bytes
19.788	3412
Now throughput of udp is : 370032bytes
19.7899	3496
Now throughput of tcp is : 395408bytes
Now throughput of tcp is : 395408bytes
Now throughput of udp is : 370032bytes
Now throughput of udp is : 370032bytes
19.7954	3578
Now throughput of tcp is : 395408bytes
Now throughput of tcp is : 395408bytes
Now throughput of tcp is : 395408bytes
Now throughput of tcp is : 395408bytes
19.8007	3658
Now throughput of udp is : 370032bytes
Now throughput of udp is : 370032bytes
19.8043	3736
Now throughput of tcp is : 395408bytes
Now throughput of tcp is : 395408bytes
Now throughput of udp is : 370032bytes
Now throughput of udp is : 370032bytes
19.8096	3812
Now throughput of tcp is : 395408bytes
Now throughput of tcp is : 395408bytes
Now throughput of udp is : 370032bytes
Now throughput of tcp is : 395408bytes
Now throughput of tcp is : 395408bytes
19.8149	3887
Now throughput of udp is : 370032bytes
Now throughput of udp is : 370032bytes
19.8185	3960
Now throughput of tcp is : 395408bytes
Now throughput of tcp is : 395408bytes
Now throughput of tcp is : 395408bytes
Now throughput of udp is : 370032bytes
19.8238	4032
Now throughput of udp is : 370032bytes
Now throughput of tcp is : 395408bytes
Now throughput of tcp is : 395408bytes
Now throughput of udp is : 370032bytes
Now throughput of tcp is : 395408bytes
19.8291	4103
Now throughput of tcp is : 395408bytes
Now throughput of udp is : 370032bytes
19.8327	4173
Now throughput of udp is : 370032bytes
Now throughput of tcp is : 395408bytes
Now throughput of tcp is : 395408bytes
Now throughput of udp is : 370032bytes
19.8381	4241
Now throughput of udp is : 370032bytes
Now throughput of tcp is : 395408bytes
Now throughput of tcp is : 395408bytes
Now throughput of udp is : 370032bytes
Now throughput of tcp is : 395408bytes
19.8434	4308
Now throughput of tcp is : 395408bytes
Now throughput of udp is : 370032bytes
19.847	4374
Now throughput of udp is : 370032bytes
Now throughput of tcp is : 395408bytes
Now throughput of tcp is : 395408bytes
Now throughput of udp is : 370032bytes
19.8523	4439
Now throughput of udp is : 370032bytes
Now throughput of tcp is : 395408bytes
Now throughput of tcp is : 395408bytes
Now throughput of tcp is : 395408bytes
Now throughput of udp is : 370032bytes
19.8576	4503
Now throughput of tcp is : 395408bytes
Now throughput of tcp is : 395408bytes
19.8595	4566
Now throughput of udp is : 370032bytes
Now throughput of udp is : 370032bytes
19.8631	4628
Now throughput of tcp is : 395408bytes
Now throughput of tcp is : 395408bytes
Now throughput of udp is : 370032bytes
Now throughput of udp is : 370032bytes
19.8684	4690
Now throughput of tcp is : 395408bytes
Now throughput of tcp is : 395408bytes
Now throughput of udp is : 370032bytes
Now throughput of tcp is : 395408bytes
Now throughput of tcp is : 395408bytes
19.8737	4751
Now throughput of udp is : 370032bytes
Now throughput of tcp is : 395408bytes
Now throughput of tcp is : 395408bytes
19.8773	4811
Now throughput of udp is : 370032bytes
Now throughput of udp is : 370032bytes
19.8809	4870
Now throughput of tcp is : 395408bytes
Now throughput of tcp is : 395408bytes
Now throughput of udp is : 370032bytes
Now throughput of udp is : 370032bytes
19.8862	4928
Now throughput of tcp is : 395408bytes
Now throughput of tcp is : 395408bytes
Now throughput of udp is : 370032bytes
Now throughput of tcp is : 395408bytes
Now throughput of tcp is : 395408bytes
19.8915	4986
Now throughput of udp is : 370032bytes
Now throughput of udp is : 370032bytes
19.8951	5043
Now throughput of tcp is : 395408bytes
Now throughput of tcp is : 395408bytes
Now throughput of tcp is : 395408bytes
Now throughput of udp is : 370032bytes
Now throughput of tcp is : 395408bytes
19.9004	5099
Now throughput of tcp is : 395408bytes
Now throughput of udp is : 370032bytes
19.904	5155
Now throughput of udp is : 370032bytes
Now throughput of tcp is : 395408bytes
Now throughput of tcp is : 395408bytes
Now throughput of udp is : 370032bytes
19.9094	5210
Now throughput of udp is : 370032bytes
Now throughput of tcp is : 395408bytes
Now throughput of tcp is : 395408bytes
Now throughput of udp is : 370032bytes
19.9147	5265
Now throughput of udp is : 370032bytes
Now throughput of tcp is : 395408bytes
Now throughput of tcp is : 395408bytes
Now throughput of udp is : 370032bytes
Now throughput of tcp is : 395408bytes
19.92	5319
Now throughput of tcp is : 395408bytes
Now throughput of udp is : 370032bytes
19.9236	5373
Now throughput of udp is : 370032bytes
Now throughput of tcp is : 395408bytes
Now throughput of tcp is : 395408bytes
Now throughput of udp is : 370032bytes
19.9289	5426
Now throughput of udp is : 370032bytes
Now throughput of tcp is : 395408bytes
Now throughput of tcp is : 395408bytes
Now throughput of udp is : 370032bytes
19.9342	5478
Now throughput of udp is : 370032bytes
Now throughput of tcp is : 395408bytes
Now throughput of tcp is : 395408bytes
Now throughput of udp is : 370032bytes
Now throughput of tcp is : 395408bytes
19.9395	5530
Now throughput of tcp is : 395408bytes
Now throughput of tcp is : 395408bytes
19.9431	5581
Now throughput of udp is : 370032bytes
19.945	5632
Now throughput of tcp is : 395408bytes
Now throughput of tcp is : 395408bytes
Now throughput of udp is : 370032bytes
Now throughput of udp is : 370032bytes
19.9503	5683
Now throughput of tcp is : 395408bytes
Now throughput of tcp is : 395408bytes
Now throughput of udp is : 370032bytes
Now throughput of udp is : 370032bytes
19.9556	5733
Now throughput of tcp is : 395408bytes
Now throughput of tcp is : 395408bytes
Now throughput of udp is : 370032bytes
Now throughput of tcp is : 395408bytes
Now throughput of tcp is : 395408bytes
19.9609	5783
Now throughput of udp is : 370032bytes
Now throughput of tcp is : 395408bytes
Now throughput of tcp is : 395408bytes
19.9645	5832
Now throughput of udp is : 370032bytes
Now throughput of udp is : 370032bytes
19.9681	5881
Now throughput of tcp is : 395408bytes
Now throughput of tcp is : 395408bytes
Now throughput of udp is : 370032bytes
Now throughput of tcp is : 395408bytes
Now throughput of tcp is : 395408bytes
19.9734	5929
Now throughput of udp is : 370032bytes
Now throughput of udp is : 370032bytes
19.977	5977
Now throughput of tcp is : 395408bytes
Now throughput of tcp is : 395408bytes
Now throughput of udp is : 370032bytes
Now throughput of udp is : 370032bytes
19.9824	6025
Now throughput of tcp is : 395408bytes
Now throughput of tcp is : 395408bytes
Now throughput of udp is : 370032bytes
Now throughput of tcp is : 395408bytes
Now throughput of tcp is : 395408bytes
19.9877	6072
Now throughput of udp is : 370032bytes
Now throughput of udp is : 370032bytes
19.9913	6119
Now throughput of tcp is : 395408bytes
Now throughput of tcp is : 395408bytes
Now throughput of tcp is : 395408bytes
Now throughput of udp is : 370032bytes
Now throughput of tcp is : 395408bytes
19.9966	6165
Now throughput of tcp is : 395408bytes
Now throughput of udp is : 370032bytes
