Waf: Entering directory `/home/kwonl/tools/ns-allinone-3.26/ns-3.26/build'
Waf: Leaving directory `/home/kwonl/tools/ns-allinone-3.26/ns-3.26/build'
Build commands will be stored in build/compile_commands.json
'build' finished successfully (0.564s)
5.00837	536
5.01852	1072
5.02952	1608
5.04053	2144
5.05059	2680
5.05248	3216
5.06159	3752
5.06596	4288
5.06785	4824
5.07364	5360
5.07602	5896
5.07791	6432
5.0798	6968
5.08417	7504
5.08605	8040
5.08794	8576
5.09185	9112
5.09374	9648
5.09563	10184
5.09751	10720
5.0994	11256
5.10278	11792
5.10462	12328
5.10646	12864
5.11001	13400
5.11184	13936
5.11539	14472
5.11911	15008
5.12351	15544
5.12743	16080
5.13183	16616
5.13575	17152
5.14015	17688
5.14407	18224
5.14847	18760
5.15239	19296
5.15679	19832
5.16071	20368
5.16511	20904
5.16903	21440
5.17343	21976
5.17735	22512
5.18175	23048
5.18567	23584
5.19007	24120
5.19399	24656
5.19839	25192
5.20231	25728
5.20671	26264
5.21063	26800
5.21503	27336
5.21895	27872
5.22335	28408
5.22727	28944
5.23167	29480
5.23559	30016
5.23999	30552
5.24391	31088
5.24831	31624
5.25223	32160
5.25663	32696
5.26055	33232
5.26495	33768
5.26887	34304
5.27327	34840
5.27719	35376
5.28159	35912
5.28551	36448
5.28991	36984
5.29383	37520
5.29823	38056
5.30215	38592
5.30655	39128
5.31047	39664
5.31487	40200
5.31879	40736
5.32319	41272
5.32711	41808
5.33151	42344
5.33543	42880
5.33983	43416
5.34375	43952
5.34815	44488
5.35207	45024
5.35647	45560
5.36039	46096
5.36479	46632
5.36871	47168
5.37311	47704
5.37703	48240
5.38143	48776
5.38535	49312
5.38975	49848
5.39367	50384
5.39807	50920
5.40199	51456
5.40639	51992
5.41031	52528
5.41471	53064
5.41863	53600
5.42303	54136
5.42695	54672
5.43135	55208
5.43527	55744
5.43967	56280
5.44359	56816
5.44799	57352
5.45191	57888
5.45631	58424
5.46023	58960
5.46463	59496
5.46855	60032
5.47295	60568
5.47687	61104
5.48127	61640
5.48519	62176
5.48959	62712
5.49351	63248
5.49791	63784
5.50183	64320
5.50623	64856
5.51015	65392
5.51455	65928
5.51847	66464
5.52287	67000
5.52679	67536
5.53119	68072
5.53511	68608
5.53951	69144
5.54343	69680
5.54783	70216
5.55175	70752
5.55615	71288
5.56007	71824
5.56447	72360
5.56839	72896
5.57279	73432
5.57671	73968
5.58111	74504
5.58503	75040
5.58943	75576
5.59335	76112
5.59775	76648
5.60167	77184
5.60607	77720
5.60999	78256
5.61439	78792
5.61831	79328
5.62271	79864
5.62663	80400
5.63103	80936
5.63495	81472
5.63935	82008
5.64327	82544
5.64767	83080
5.65159	83616
5.65599	84152
5.65991	84688
5.66431	85224
5.66823	85760
5.67263	86296
5.67655	86832
5.68095	87368
5.68487	87904
5.68927	88440
5.69319	88976
5.69759	89512
5.70151	90048
5.70591	90584
5.70983	91120
5.71423	91656
5.71815	92192
5.72255	92728
5.72647	93264
5.73087	93800
5.73479	94336
5.73919	94872
5.74311	95408
5.74751	95944
5.75143	96480
5.75583	97016
5.75975	97552
5.76415	98088
5.76807	98624
5.77247	99160
5.77639	99696
5.78079	100232
5.78471	100768
5.78911	101304
5.79303	101840
5.79743	102376
5.80135	102912
5.80575	103448
5.80967	103984
5.81407	104520
5.81799	105056
5.82239	105592
5.82631	106128
5.83071	106664
5.83463	107200
5.83903	107736
5.84295	108272
5.84735	108808
5.85127	109344
5.85567	109880
5.85959	110416
5.86399	110952
5.86791	111488
5.87231	112024
5.87623	112560
5.88063	113096
5.88455	113632
5.88895	114168
5.89287	114704
5.89727	115240
5.90119	115776
5.90559	116312
5.90951	116848
5.91391	117384
5.91783	117920
5.92223	118456
5.92615	118992
5.93055	119528
5.93447	120064
5.93887	120600
5.94279	121136
5.94719	121672
5.95111	122208
5.95551	122744
5.95943	123280
5.96383	123816
5.96775	124352
5.97215	124888
5.97607	125424
5.98047	125960
5.98439	126496
5.98879	127032
5.99271	127568
5.99711	128104
6.00103	128640
6.00543	129176
6.00935	129712
6.01375	130248
6.01767	130784
6.02207	131320
6.02599	131856
6.03039	132392
6.03431	132928
6.03871	133464
6.04263	134000
6.04703	134536
6.05095	135072
6.05535	135608
6.05927	136144
6.06367	136680
6.06759	137216
6.07199	137752
6.07591	138288
6.08031	138824
6.08423	139360
6.08863	139896
6.09255	140432
6.09695	140968
6.10087	141504
6.10527	142040
6.10919	142576
6.11359	143112
6.11751	143648
6.12191	144184
6.12583	144720
6.13023	145256
6.13415	145792
6.14158	146328
6.14687	3136
6.1499	3672
6.15079	4208
6.1543	4744
6.15519	5280
6.15693	1528
6.16699	1716
6.1802	1883
6.19026	2035
6.20033	2176
6.21254	2308
6.21443	2432
6.22354	2550
6.22543	2662
6.23455	2769
6.23892	2872
6.24676	2972
6.24898	3068
6.25682	3161
6.25904	3251
6.26689	3339
6.27125	3425
6.27314	3508
6.28004	3589
6.28226	3669
6.28415	3747
6.29105	3823
6.29326	3898
6.29763	3971
6.30205	4043
6.30642	4114
6.30831	4183
6.31238	4251
6.31648	4318
6.32085	4384
6.32274	4449
6.32902	4513
6.33091	4576
6.3328	4638
6.33468	4699
6.34002	4760
6.34191	4820
6.3438	4879
6.34817	4937
6.35103	4995
6.3554	5052
6.35729	5108
6.35917	5164
6.36277	5219
6.36546	5274
6.36735	5328
6.37171	5381
6.3736	5434
6.37552	5486
6.37989	5538
6.38178	5589
6.38366	5640
6.38555	5690
6.38992	5740
6.39181	5790
6.3937	5839
6.39695	5888
6.3995	5936
6.40479	5984
6.41222	3404
6.41311	3940
6.41614	4476
6.41703	5012
6.42054	5548
6.42143	6084
6.42238	1796
6.43244	1955
6.4425	2101
6.45382	2237
6.46388	2365
6.46577	2486
6.47489	2601
6.47677	2711
6.48804	2816
6.48993	2918
6.4981	3016
6.49999	3111
6.50817	3203
6.51253	3292
6.52038	3379
6.52259	3464
6.52448	3546
6.53138	3627
6.5336	3706
6.53797	3783
6.54239	3858
6.54676	3932
6.54897	4005
6.55366	4076
6.55682	4146
6.55903	4215
6.56372	4283
6.56688	4350
6.57125	4416
6.57378	4481
6.57862	4545
6.58051	4608
6.5824	4670
6.58479	4731
6.58962	4791
6.59151	4850
6.5934	4909
6.59777	4967
6.60063	5024
6.605	5081
6.60689	5137
6.60877	5192
6.61237	5247
6.61506	5301
6.61695	5355
6.62131	5408
6.62251	5461
6.62435	5513
6.62618	5565
6.63033	5616
6.63335	5667
6.63775	5717
6.64167	5767
6.64607	5816
6.64999	5865
6.65439	5913
6.65831	5961
6.66271	6009
6.66663	6056
6.67103	6103
6.67495	6150
6.67935	6196
6.68327	6242
6.68767	6288
6.69159	6333
6.69599	6378
6.69991	6423
6.70431	6467
6.70823	6511
6.71263	6555
6.71655	6598
6.72095	6641
6.72487	6684
6.72927	6726
6.73319	6768
6.73759	6810
6.74151	6852
6.74591	6893
6.74983	6934
6.75423	6975
6.75815	7016
6.76255	7056
6.76647	7096
6.7739	7136
6.77919	3136
6.78222	3672
6.78311	4208
6.78662	4744
6.78751	5280
6.78925	1528
6.79931	1716
6.81252	1883
6.82258	2035
6.83265	2176
6.84486	2308
6.84675	2432
6.85586	2550
6.85775	2662
6.86687	2769
6.87124	2872
6.87908	2972
6.8813	3068
6.88914	3161
6.89136	3251
6.89921	3339
6.90357	3425
6.90546	3508
6.91236	3589
6.91458	3669
6.91647	3747
6.92337	3823
6.92558	3898
6.92995	3971
6.93437	4043
6.93874	4114
6.94063	4183
6.9447	4251
6.9488	4318
6.95317	4384
6.95506	4449
6.96134	4513
6.96323	4576
6.96512	4638
6.967	4699
6.97234	4760
6.97423	4820
6.97612	4879
6.98049	4937
6.98335	4995
6.98772	5052
6.98961	5108
6.99149	5164
6.99509	5219
6.99778	5274
6.99967	5328
7.00403	5381
7.00592	5434
7.00784	5486
7.01221	5538
7.0141	5589
7.01598	5640
7.01787	5690
7.02224	5740
7.02413	5790
7.02602	5839
7.02927	5888
7.03182	5936
7.03622	5984
7.04014	6032
7.04454	6079
7.04846	6126
7.05286	6172
7.05678	6218
7.06118	6264
7.0651	6309
7.0695	6354
7.07342	6399
7.07782	6443
7.08174	6487
7.08614	6531
7.09006	6574
7.09838	3136
7.09927	3672
7.10278	4208
7.10367	4744
7.1067	5280
7.10759	5816
7.10854	1528
7.12019	1716
7.13119	1883
7.14125	2035
7.1527	2176
7.16276	2308
7.16465	2432
7.17377	2550
7.17565	2662
7.18692	2769
7.18881	2872
7.19793	2972
7.19982	3068
7.20799	3161
7.21236	3251
7.21926	3339
7.22242	3425
7.22431	3508
7.23026	3589
7.23342	3669
7.23779	3747
7.24127	3823
7.24564	3898
7.2488	3971
7.25348	4043
7.2557	4114
7.26086	4183
7.26354	4251
7.26576	4318
7.27092	4384
7.27361	4449
7.27797	4513
7.27986	4576
7.28193	4638
7.28676	4699
7.28898	4760
7.29087	4820
7.29523	4879
7.29777	4937
7.29998	4995
7.30435	5052
7.30624	5108
7.30813	5164
7.3125	5219
7.31441	5274
7.3163	5328
7.32067	5381
7.32256	5434
7.32447	5486
7.32884	5538
7.33073	5589
7.33262	5640
7.3345	5690
7.33868	5740
7.34052	5790
7.34416	5839
7.34798	5888
7.35238	5936
7.3563	5984
7.3607	6032
7.36462	6079
7.36902	6126
7.37294	6172
7.37734	6218
7.38126	6264
7.38566	6309
7.38958	6354
7.39398	6399
7.3979	6443
7.4023	6487
7.40622	6531
7.41062	6574
7.41454	6617
7.41894	6660
7.42286	6703
7.42726	6745
7.43118	6787
7.43558	6829
7.4395	6871
7.4439	6912
7.44782	6953
7.45222	6994
7.45614	7035
7.46054	7075
7.46446	7115
7.46886	7155
7.47278	7195
7.47718	7234
7.4811	7273
7.4855	7312
7.48942	7351
7.49382	7390
7.49774	7428
7.50214	7466
7.50606	7504
7.51046	7542
7.51438	7580
7.51878	7617
7.5227	7654
7.5271	7691
7.53102	7728
7.53542	7765
7.53934	7801
7.54374	7837
7.54766	7873
7.55206	7909
7.55598	7945
7.56038	7981
7.5643	8016
7.5687	8051
7.57262	8086
7.57702	8121
7.58094	8156
7.58534	8191
7.58926	8226
7.59366	8260
7.59758	8294
7.60198	8328
7.6059	8362
7.6103	8396
7.61422	8430
7.62254	3136
7.62343	3672
7.62694	4208
7.62783	4744
7.63086	5280
7.63175	5816
7.6327	1528
7.64434	1716
7.65535	1883
7.66541	2035
7.67686	2176
7.68692	2308
7.68881	2432
7.69793	2550
7.69981	2662
7.71108	2769
7.71297	2872
7.72209	2972
7.72398	3068
7.73215	3161
7.73652	3251
7.74342	3339
7.74658	3425
7.74847	3508
7.75442	3589
7.75758	3669
7.76195	3747
7.76543	3823
7.7698	3898
7.77296	3971
7.77764	4043
7.77986	4114
7.78502	4183
7.7877	4251
7.78992	4318
7.79508	4384
7.79777	4449
7.80213	4513
7.80402	4576
7.80609	4638
7.81092	4699
7.81314	4760
7.81503	4820
7.81939	4879
7.82193	4937
7.82414	4995
7.82851	5052
7.8304	5108
7.83229	5164
7.83666	5219
7.83857	5274
7.84046	5328
7.84483	5381
7.84672	5434
7.84863	5486
7.853	5538
7.85489	5589
7.85678	5640
7.85866	5690
7.86284	5740
7.86468	5790
7.86832	5839
7.87214	5888
7.87654	5936
7.88046	5984
7.88486	6032
7.88878	6079
7.89318	6126
7.8971	6172
7.9015	6218
7.90542	6264
7.90982	6309
7.91374	6354
7.91814	6399
7.92206	6443
7.92646	6487
7.93038	6531
7.93478	6574
7.9387	6617
7.9431	6660
7.94702	6703
7.95142	6745
7.95534	6787
7.95974	6829
7.96366	6871
7.96806	6912
7.97198	6953
7.97638	6994
7.9803	7035
7.9847	7075
7.98862	7115
7.99302	7155
7.99694	7195
8.00134	7234
8.00526	7273
8.00966	7312
8.01358	7351
8.01798	7390
8.0219	7428
8.0263	7466
8.03022	7504
8.03462	7542
8.03854	7580
8.04294	7617
8.04686	7654
8.05126	7691
8.05518	7728
8.05958	7765
8.0635	7801
8.0679	7837
8.07182	7873
8.07622	7909
8.08014	7945
8.08454	7981
8.08846	8016
8.09286	8051
8.09678	8086
8.10118	8121
8.1051	8156
8.1095	8191
8.11342	8226
8.11782	8260
8.12174	8294
8.12614	8328
8.13006	8362
8.13446	8396
8.13838	8430
8.14278	8464
8.1467	8497
8.1511	8530
8.15502	8563
8.15942	8596
8.16334	8629
8.16774	8662
8.17166	8695
8.17606	8728
8.17998	8760
8.18438	8792
8.1883	8824
8.1927	8856
8.19662	8888
8.20102	8920
8.20494	8952
8.20934	8984
8.21326	9015
8.21766	9046
8.22158	9077
8.22598	9108
8.2299	9139
8.2343	9170
8.23822	9201
8.24262	9232
8.24654	9263
8.25094	9294
8.25486	9324
8.25926	9354
8.26318	9384
8.26758	9414
8.2715	9444
8.2759	9474
8.27982	9504
8.28422	9534
8.28814	9564
8.29254	9594
8.29646	9623
8.30086	9652
8.30478	9681
8.30918	9710
8.31399	9739
8.32142	3404
8.32231	3940
8.32582	4476
8.32671	5012
8.32974	5548
8.33063	6084
8.33158	1796
8.3434	1955
8.35346	2101
8.36353	2237
8.37574	2365
8.37763	2486
8.38674	2601
8.38863	2711
8.39775	2816
8.40212	2918
8.40902	3016
8.41218	3111
8.41908	3203
8.42224	3292
8.42914	3379
8.43398	3464
8.43587	3546
8.44015	3627
8.44498	3706
8.44687	3783
8.45156	3858
8.45599	3932
8.46036	4005
8.46225	4076
8.46726	4146
8.47042	4215
8.47231	4283
8.47732	4350
8.48048	4416
8.48485	4481
8.48738	4545
8.48927	4608
8.49364	4670
8.49839	3484
8.50181	4020
8.50275	4556
8.5037	5092
8.50464	5628
8.50591	6164
8.50934	6700
8.51028	1876
8.5194	2029
8.52946	2170
8.53952	2302
8.54141	2426
8.5514	2544
8.55329	2656
8.56241	2764
8.57341	2680
8.57436	3216
8.57778	3752
8.58374	4288
8.58468	1072
8.59474	1340
8.60575	1554
8.61796	1738
8.62897	1903
8.63903	2053
8.6503	2192
8.66036	2323
8.66225	2446
8.67137	2563
8.68358	2675
8.69458	2680
8.7037	3216
8.70465	1072
8.7178	1340
8.72881	1554
8.73981	1738
8.75108	1903
8.76114	2053
8.77121	2192
8.78342	2323
8.78531	2446
8.79442	2563
8.79631	2675
8.80543	2782
8.8098	2885
8.81764	2984
8.81986	3080
8.8277	3173
8.82992	3263
8.83777	3351
8.84213	3436
8.84402	3519
8.85092	3600
8.85314	3679
8.85503	3757
8.86193	3833
8.86414	3907
8.86851	3980
8.87199	4052
8.87636	4122
8.87857	4191
8.88326	4259
8.88642	4326
8.88863	4392
8.89332	4457
8.89648	4521
8.89837	4584
8.90274	4646
8.90462	4707
8.90916	4768
8.91105	4828
8.91374	4887
8.91811	4945
8.92017	5003
8.92206	5060
8.92642	5116
8.92831	5172
8.93023	5227
8.9346	5281
8.93649	5335
8.93837	5388
8.94274	5441
8.94466	5493
8.94655	5545
8.95091	5596
8.9528	5647
8.95469	5697
8.95658	5747
8.96018	5796
8.96207	5845
8.96395	5894
8.96818	5942
8.97006	5990
8.97195	6037
8.97384	6084
8.97744	6131
8.97933	6177
8.98122	6223
8.98544	6269
8.98732	6314
8.98921	6359
8.99281	6404
8.9947	6448
8.99659	6492
9.00019	6536
9.00208	6579
9.00396	6622
9.00585	6665
9.00774	6708
9.01134	6750
9.01323	6792
9.01512	6834
9.01872	6876
9.0206	6917
9.02249	6958
9.02438	6999
9.02798	7040
9.02987	7080
9.03176	7120
9.03536	7160
9.03724	7200
9.03913	7239
9.04102	7278
9.04462	7317
9.04651	7356
9.0484	7395
9.052	7433
9.05388	7471
9.05577	7509
9.05766	7547
9.06126	7585
9.06315	7622
9.06504	7659
9.06864	7696
9.07052	7733
9.07241	7770
9.0743	7806
9.07619	7842
9.07979	7878
9.08168	7914
9.08356	7950
9.08716	7986
9.08905	8021
9.09094	8056
9.09283	8091
9.09643	8126
9.09832	8161
9.1002	8196
9.1038	8231
9.10569	8265
9.10758	8299
9.10947	8333
9.11303	8367
9.11487	8401
9.1167	8435
9.12025	8469
9.12209	8502
9.12846	3136
9.12935	3672
9.13286	4208
9.13375	4744
9.13678	5280
9.13767	5816
9.13862	1528
9.15026	1716
9.16127	1883
9.17133	2035
9.18372	2176
9.20385	2680
9.20479	3216
9.21606	1072
9.22706	1340
9.23807	1554
9.25028	1738
9.26129	1903
9.27135	2053
9.28262	2192
9.29362	2323
9.30463	2680
9.3159	3216
9.31684	1072
9.32785	1340
9.33885	1554
9.35012	1738
9.36113	1903
9.37119	2053
9.38246	2192
9.39252	2323
9.39441	2446
9.40353	2563
9.40541	2675
9.41668	2782
9.41857	2885
9.42769	2984
9.42958	3080
9.43775	3173
9.44212	3263
9.44902	3351
9.45218	3436
9.45407	3519
9.46002	3600
9.46318	3679
9.46755	3757
9.47103	3833
9.4754	3907
9.47856	3980
9.48292	4052
9.48546	4122
9.49062	4191
9.49298	4259
9.49552	4326
9.50068	4392
9.50305	4457
9.50741	4521
9.5093	4584
9.51169	4646
9.51652	4707
9.51842	4768
9.52031	4828
9.52484	4887
9.52753	4945
9.52942	5003
9.53379	5060
9.53568	5116
9.53759	5172
9.54196	5227
9.54385	5281
9.54574	5335
9.55011	5388
9.55202	5441
9.55391	5493
9.55828	5545
9.56017	5596
9.56206	5647
9.56394	5697
9.56831	5747
9.5702	5796
9.57209	5845
9.57569	5894
9.57758	5942
9.57946	5990
9.58369	6037
9.58557	6084
9.58746	6131
9.58935	6177
9.59295	6223
9.59484	6269
9.60033	4288
9.60127	4824
9.60221	5360
9.60316	5896
9.60505	6432
9.6077	6968
9.60865	7504
9.60959	8040
9.61053	8576
9.61148	4824
9.61148	5360
9.61871	5896
9.61965	6432
9.62059	6968
9.62402	1072
9.62402	1608
9.62877	2144
9.63313	2680
9.63313	2787
9.64132	2890
9.64414	2989
9.65138	3085
9.6542	3178
9.66145	3268
9.66581	3355
9.67555	2948
9.67649	3484
9.67744	4020
9.68372	4556
9.68466	5092
9.68561	1340
9.69567	1554
9.70788	1738
9.71889	1903
9.72895	2053
9.74022	2192
9.75028	2323
9.75217	2446
9.76129	2563
9.76317	2675
9.77444	2782
9.77633	2885
9.78545	2984
9.78734	3080
9.79551	3173
9.79988	3263
9.80678	3351
9.80994	3436
9.81183	3519
9.81778	3600
9.82094	3679
9.82531	3757
9.82879	3833
9.83316	3907
9.83632	3980
9.84068	4052
9.84322	4122
9.84838	4191
9.85074	4259
9.85328	4326
9.85844	4392
9.86081	4457
9.86517	4521
9.86706	4584
9.86945	4646
9.87428	4707
9.87618	4768
9.87807	4828
9.8826	4887
9.88529	4945
9.88718	5003
9.89155	5060
9.89344	5116
9.89535	5172
9.89972	5227
9.90161	5281
9.9035	5335
9.90787	5388
9.90978	5441
9.91167	5493
9.91604	5545
9.91793	5596
9.91982	5647
9.9217	5697
9.92607	5747
9.92796	5796
9.92985	5845
9.93345	5894
9.93534	5942
9.93722	5990
9.94145	6037
9.94333	6084
9.94522	6131
9.94711	6177
9.95071	6223
9.9526	6269
9.95449	6314
9.95809	6359
9.95997	6404
9.96186	6448
9.96546	6492
9.96735	6536
9.96924	6579
9.97113	6622
9.97473	6665
9.97661	6708
9.9785	6750
9.98039	6792
9.98399	6834
9.98588	6876
9.98777	6917
9.98965	6958
9.99325	6999
9.99514	7040
9.99703	7080
10.0006	7120
10.0025	7160
10.0044	7200
10.0063	7239
10.0099	7278
10.0118	7317
10.0137	7356
10.0173	7395
10.0192	7433
10.021	7471
10.0229	7509
10.0265	7547
10.0284	7585
10.0303	7622
10.0339	7659
10.0358	7696
10.0377	7733
10.0396	7770
10.0415	7806
10.0451	7842
10.0469	7878
10.0488	7914
10.0524	7950
10.0543	7986
10.0562	8021
10.0581	8056
10.0617	8091
10.0636	8126
10.0653	8161
10.0689	8196
10.0707	8231
10.0742	8265
10.0769	8299
10.0813	8333
10.0853	8367
10.0897	8401
10.0936	8435
10.098	8469
10.1019	8502
10.1063	8535
10.1102	8568
10.1146	8601
10.1185	8634
10.1229	8667
10.1269	8700
10.1313	8733
10.1352	8765
10.1396	8797
10.1435	8829
10.1479	8861
10.1518	8893
10.1562	8925
10.1601	8957
10.1645	8989
10.1685	9020
10.1729	9051
10.1768	9082
10.1821	9113
10.1895	3404
10.1904	3940
10.1934	4476
10.1943	5012
10.1978	5548
10.1987	6084
10.1997	1796
10.2097	1955
10.2198	2101
10.2311	2237
10.2412	2365
10.243	2486
10.2522	2601
10.2541	2711
10.2653	2816
10.2672	2918
10.2754	3016
10.2773	3111
10.2854	3203
10.2898	3292
10.2977	3379
10.2999	3464
10.3018	3546
10.3087	3627
10.3109	3706
10.3152	3783
10.3197	3858
10.324	3932
10.3263	4005
10.3309	4076
10.3341	4146
10.3363	4215
10.341	4283
10.3442	4350
10.3485	4416
10.3511	4481
10.3559	4545
10.3578	4608
10.3597	4670
10.3621	4731
10.3669	4791
10.3688	4850
10.3707	4909
10.375	4967
10.3779	5024
10.3823	5081
10.3842	5137
10.3861	5192
10.3897	5247
10.3923	5301
10.3942	5355
10.3986	5408
10.3998	5461
10.4016	5513
10.4035	5565
10.4076	5616
10.4106	5667
10.415	5717
10.419	5767
10.4234	5816
10.4273	5865
10.4317	5913
10.4356	5961
10.44	6009
10.4439	6056
10.4483	6103
10.4522	6150
10.4566	6196
10.4606	6242
10.465	6288
10.4689	6333
10.4733	6378
10.4772	6423
10.4816	6467
10.4855	6511
10.4899	6555
10.4938	6598
10.4982	6641
10.5022	6684
10.5066	6726
10.5105	6768
10.5149	6810
10.5188	6852
10.5232	6893
10.5271	6934
10.5315	6975
10.5354	7016
10.5398	7056
10.5482	2884
10.5512	3420
10.5521	3956
10.5556	4492
10.5565	5028
10.5582	1276
10.5683	1501
10.5815	1692
10.5925	1861
10.6025	2015
10.6138	2157
10.6239	2290
10.6258	2415
10.6349	2533
10.6368	2646
10.648	2754
10.6499	2858
10.659	2958
10.6609	3055
10.6691	3149
10.6735	3240
10.6804	3328
10.6835	3414
10.6854	3498
10.6914	3580
10.6945	3660
10.6989	3738
10.7024	3814
10.7068	3889
10.7099	3962
10.7146	4034
10.7168	4105
10.722	4174
10.7247	4242
10.7269	4309
10.732	4375
10.7347	4440
10.7391	4504
10.741	4567
10.743	4629
10.7501	3484
10.751	4020
10.752	4556
10.7554	5092
10.7564	5628
10.7579	6164
10.7592	6700
10.7602	1876
10.7693	2029
10.7802	2170
10.7903	2302
10.7922	2426
10.8013	2544
10.8032	2656
10.8144	2764
10.8163	2867
10.8254	2967
10.8273	3063
10.8355	3156
10.8399	3247
10.8468	3335
10.8499	3421
10.8518	3504
10.8578	3585
10.8609	3665
10.8653	3743
10.8688	3819
10.8732	3894
10.8763	3967
10.881	4039
10.8832	4110
10.8884	4179
10.8911	4247
10.8933	4314
10.8984	4380
10.9011	4445
10.9055	4509
10.9074	4572
10.9094	4634
10.9143	4695
10.9165	4756
10.9184	4816
10.9228	4875
10.9253	4933
10.9275	4991
10.9319	5048
10.9338	5104
10.9356	5160
10.94	5215
10.9419	5270
10.9438	5324
10.9482	5377
10.9501	5430
10.952	5482
10.9564	5534
10.9582	5585
10.9601	5636
10.962	5686
10.9664	5736
10.9683	5786
10.9702	5835
10.9738	5884
10.9757	5932
10.9775	5980
10.9818	6028
10.9837	6075
10.9855	6122
10.9874	6168
10.9909	6214
10.9927	6260
10.9946	6305
10.9981	6350
11.0014	6395
11.0058	6439
11.0097	6483
11.0141	6527
11.018	6571
11.0224	6614
11.0263	6657
11.0307	6700
11.0346	6742
11.039	6784
11.043	6826
11.0474	6868
11.0513	6909
11.0557	6950
11.0596	6991
11.064	7032
11.0679	7072
11.0753	7112
11.0806	3136
11.0837	3672
11.0846	4208
11.0881	4744
11.089	5280
11.0907	1528
11.1008	1716
11.114	1883
11.124	2035
11.1341	2176
11.1463	2308
11.1482	2432
11.1573	2550
11.1592	2662
11.1683	2769
11.1727	2872
11.1805	2972
11.1827	3068
11.1906	3161
11.1928	3251
11.2006	3339
11.205	3425
11.2069	3508
11.2138	3589
11.216	3669
11.2179	3747
11.2248	3823
11.227	3898
11.2314	3971
11.2358	4043
11.2402	4114
11.2421	4183
11.2461	4251
11.2502	4318
11.2546	4384
11.2565	4449
11.2628	4513
11.2647	4576
11.2666	4638
11.2684	4699
11.2738	4760
11.2757	4820
11.2776	4879
11.2819	4937
11.2848	4995
11.2892	5052
11.291	5108
11.2929	5164
11.2965	5219
11.2992	5274
11.3011	5328
11.3055	5381
11.3074	5434
11.3093	5486
11.3136	5538
11.3155	5589
11.3174	5640
11.3193	5690
11.3237	5740
11.3256	5790
11.3275	5839
11.3307	5888
11.3333	5936
11.3377	5984
11.3416	6032
11.346	6079
11.3499	6126
11.3543	6172
11.3582	6218
11.3626	6264
11.3665	6309
11.3709	6354
11.3749	6399
11.3793	6443
11.3832	6487
11.3876	6531
11.3915	6574
11.3959	6617
11.3998	6660
11.4042	6703
11.4081	6745
11.4125	6787
11.4165	6829
11.4209	6871
11.4248	6912
11.4292	6953
11.4331	6994
11.4375	7035
11.4414	7075
11.4458	7115
11.4497	7155
11.4541	7195
11.4581	7234
11.4625	7273
11.4664	7312
11.4708	7351
11.4747	7390
11.4791	7428
11.483	7466
11.4874	7504
11.4913	7542
11.4957	7580
11.4997	7617
11.5041	7654
11.508	7691
11.5124	7728
11.5172	7765
11.5246	3404
11.5255	3940
11.529	4476
11.5299	5012
11.5329	5548
11.5338	6084
11.5348	1796
11.5466	1955
11.5567	2101
11.5667	2237
11.5789	2365
11.5808	2486
11.5899	2601
11.5918	2711
11.6009	2816
11.6053	2918
11.6122	3016
11.6154	3111
11.6223	3203
11.6254	3292
11.6323	3379
11.6372	3464
11.6391	3546
11.6433	3627
11.6482	3706
11.6501	3783
11.6548	3858
11.6592	3932
11.6636	4005
11.6654	4076
11.6705	4146
11.6736	4215
11.6755	4283
11.6805	4350
11.6837	4416
11.688	4481
11.6906	4545
11.6925	4608
11.6968	4670
11.6991	4731
11.7016	4791
11.706	4850
11.7078	4909
11.7101	4967
11.7144	5024
11.717	5081
11.7213	5137
11.7232	5192
11.7251	5247
11.7289	5301
11.7314	5355
11.7333	5408
11.7376	5461
11.7388	5513
11.7406	5565
11.7425	5616
11.7467	5667
11.7502	5717
11.7546	5767
11.7585	5816
11.7629	5865
11.7668	5913
11.7712	5961
11.7751	6009
11.7795	6056
11.7834	6103
11.7878	6150
11.7918	6196
11.7962	6242
11.8001	6288
11.8045	6333
11.8084	6378
11.8128	6423
11.8167	6467
11.8211	6511
11.825	6555
11.8294	6598
11.8334	6641
11.8378	6684
11.8417	6726
11.8461	6768
11.85	6810
11.8544	6852
11.8583	6893
11.8627	6934
11.8666	6975
11.871	7016
11.875	7056
11.8794	7096
11.8833	7136
11.8877	7176
11.8916	7216
11.896	7255
11.8999	7294
11.9043	7333
11.9082	7372
11.9126	7410
11.9166	7448
11.921	7486
11.9249	7524
11.9293	7562
11.9332	7599
11.9376	7636
11.9415	7673
11.9459	7710
11.9498	7747
11.9542	7784
11.9582	7820
11.9626	7856
11.9665	7892
11.9709	7928
11.9748	7964
11.9792	8000
11.9831	8035
11.9875	8070
11.9914	8105
11.9958	8140
11.9998	8175
12.0042	8210
12.0081	8244
12.0125	8278
12.0164	8312
12.0208	8346
12.0247	8380
12.0291	8414
12.033	8448
12.0374	8482
12.0414	8515
12.0458	8548
12.0497	8581
12.0541	8614
12.058	8647
12.0624	8680
12.0663	8713
12.0707	8745
12.0746	8777
12.079	8809
12.083	8841
12.0874	8873
12.0913	8905
12.0957	8937
12.0996	8969
12.104	9001
12.1079	9032
12.1123	9063
12.1162	9094
12.1206	9125
12.1246	9156
12.129	9187
12.1329	9218
12.1373	9249
12.1412	9280
12.1456	9310
12.1495	9340
12.1569	9370
12.1622	3136
12.1653	3672
12.1662	4208
12.1697	4744
12.1706	5280
12.1723	1528
12.1824	1716
12.1956	1883
12.2056	2035
12.2157	2176
12.2279	2308
12.2298	2432
12.2389	2550
12.2408	2662
12.2499	2769
12.2543	2872
12.2621	2972
12.2643	3068
12.2722	3161
12.2744	3251
12.2822	3339
12.2866	3425
12.2885	3508
12.2954	3589
12.2976	3669
12.2995	3747
12.3064	3823
12.3086	3898
12.313	3971
12.3174	4043
12.3218	4114
12.3237	4183
12.3277	4251
12.3318	4318
12.3362	4384
12.3381	4449
12.3444	4513
12.3463	4576
12.3482	4638
12.35	4699
12.3554	4760
12.3573	4820
12.3592	4879
12.3635	4937
12.3664	4995
12.3708	5052
12.3726	5108
12.3745	5164
12.3781	5219
12.3808	5274
12.3827	5328
12.3871	5381
12.389	5434
12.3909	5486
12.3952	5538
12.3971	5589
12.399	5640
12.4009	5690
12.4053	5740
12.4072	5790
12.4091	5839
12.4123	5888
12.4149	5936
12.4193	5984
12.4232	6032
12.4276	6079
12.4315	6126
12.4359	6172
12.4398	6218
12.4442	6264
12.4481	6309
12.4525	6354
12.4565	6399
12.4609	6443
12.4648	6487
12.4692	6531
12.4731	6574
12.4775	6617
12.4814	6660
12.4858	6703
12.4897	6745
12.4941	6787
12.4981	6829
12.5025	6871
12.5064	6912
12.5108	6953
12.5147	6994
12.5191	7035
12.523	7075
12.5274	7115
12.5313	7155
12.5357	7195
12.5397	7234
12.5441	7273
12.548	7312
12.5524	7351
12.5563	7390
12.5607	7428
12.5646	7466
12.569	7504
12.5729	7542
12.5773	7580
12.5813	7617
12.5857	7654
12.5896	7691
12.594	7728
12.5979	7765
12.6023	7801
12.6062	7837
12.6106	7873
12.6145	7909
12.6189	7945
12.6229	7981
12.6273	8016
12.6312	8051
12.6356	8086
12.6395	8121
12.6439	8156
12.6478	8191
12.6522	8226
12.6561	8260
12.6605	8294
12.6645	8328
12.6689	8362
12.6728	8396
12.6772	8430
12.6811	8464
12.6855	8497
12.6894	8530
12.6938	8563
12.6977	8596
12.7021	8629
12.7061	8662
12.7105	8695
12.7144	8728
12.7188	8760
12.7227	8792
12.7271	8824
12.731	8856
12.7354	8888
12.7393	8920
12.7437	8952
12.7477	8984
12.7521	9015
12.756	9046
12.7604	9077
12.7643	9108
12.7687	9139
12.7726	9170
12.777	9201
12.7809	9232
12.7853	9263
12.7893	9294
12.7937	9324
12.7976	9354
12.802	9384
12.8059	9414
12.8103	9444
12.8142	9474
12.8186	9504
12.8225	9534
12.8269	9564
12.8309	9594
12.8353	9623
12.8392	9652
12.8436	9681
12.8475	9710
12.8519	9739
12.8558	9768
12.8602	9797
12.8641	9826
12.8685	9855
12.8725	9884
12.8769	9913
12.8808	9941
12.8852	9969
12.8891	9997
12.8935	10025
12.8974	10053
12.9018	10081
12.9057	10109
12.9101	10137
12.9141	10165
12.9185	10193
12.9224	10221
12.9268	10249
12.9307	10277
12.9351	10304
12.939	10331
12.9434	10358
12.9473	10385
12.9517	10412
12.9557	10439
12.9601	10466
12.964	10493
12.9684	10520
12.9723	10547
12.9767	10574
12.9806	10601
12.985	10628
12.9889	10655
12.9933	10681
12.9973	10707
13.0017	10733
13.0056	10759
13.01	10785
13.0139	10811
13.0183	10837
13.0222	10863
13.0266	10889
13.0305	10915
13.0349	10941
13.0389	10967
13.0433	10993
13.0472	11019
13.0516	11045
13.0555	11071
13.0599	11096
13.0638	11121
13.0682	11146
13.0721	11171
13.0765	11196
13.0805	11221
13.0849	11246
13.0888	11271
13.0932	11296
13.0971	11321
13.1015	11346
13.1054	11371
13.1098	11396
13.1137	11421
13.1181	11446
13.1221	11471
13.1265	11496
13.1304	11520
13.1348	11544
13.1387	11568
13.1431	11592
13.147	11616
13.1514	11640
13.1553	11664
13.1597	11688
13.1637	11712
13.1681	11736
13.172	11760
13.1764	11784
13.1803	11808
13.1847	11832
13.1886	11856
13.193	11880
13.1969	11904
13.2013	11928
13.2053	11952
13.2097	11976
13.2136	11999
13.218	12022
13.2219	12045
13.2263	12068
13.2346	3136
13.2355	3672
13.2385	4208
13.2394	4744
13.2429	5280
13.2438	5816
13.2448	1528
13.2539	1716
13.2649	1883
13.2762	2035
13.2863	2176
13.2963	2308
13.2982	2432
13.3073	2550
13.3117	2662
13.3188	2769
13.3227	2872
13.3298	2972
13.3345	3068
13.3398	3161
13.3445	3251
13.3511	3339
13.3546	3425
13.3565	3508
13.3621	3589
13.3656	3669
13.37	3747
13.3731	3823
13.3775	3898
13.381	3971
13.3853	4043
13.3875	4114
13.3927	4183
13.3954	4251
13.3976	4318
13.4028	4384
13.4054	4449
13.4098	4513
13.4117	4576
13.4138	4638
13.4186	4699
13.4208	4760
13.4227	4820
13.4271	4879
13.4296	4937
13.4318	4995
13.4362	5052
13.4381	5108
13.44	5164
13.4443	5219
13.4463	5274
13.4481	5328
13.4525	5381
13.4544	5434
13.4563	5486
13.4607	5538
13.4626	5589
13.4644	5640
13.4687	5690
13.4715	5740
13.4759	5790
13.4798	5839
13.4842	5888
13.4881	5936
13.4925	5984
13.4965	6032
13.5009	6079
13.5048	6126
13.5092	6172
13.5131	6218
13.5175	6264
13.5214	6309
13.5258	6354
13.5297	6399
13.5341	6443
13.5381	6487
13.5425	6531
13.5464	6574
13.5508	6617
13.5547	6660
13.5591	6703
13.563	6745
13.5674	6787
13.5713	6829
13.5757	6871
13.5797	6912
13.5841	6953
13.588	6994
13.5924	7035
13.5963	7075
13.6007	7115
13.6046	7155
13.609	7195
13.6129	7234
13.6173	7273
13.6213	7312
13.6257	7351
13.6296	7390
13.634	7428
13.6379	7466
13.6423	7504
13.6462	7542
13.6506	7580
13.6545	7617
13.6589	7654
13.6629	7691
13.6673	7728
13.6712	7765
13.6756	7801
13.6795	7837
13.6839	7873
13.6878	7909
13.6922	7945
13.6961	7981
13.7005	8016
13.7045	8051
13.7089	8086
13.7128	8121
13.7172	8156
13.7211	8191
13.7255	8226
13.7294	8260
13.7338	8294
13.7377	8328
13.7421	8362
13.7461	8396
13.7505	8430
13.7544	8464
13.7588	8497
13.7627	8530
13.7671	8563
13.771	8596
13.7754	8629
13.7793	8662
13.7837	8695
13.7877	8728
13.7921	8760
13.796	8792
13.8004	8824
13.8043	8856
13.8087	8888
13.8126	8920
13.817	8952
13.8209	8984
13.8253	9015
13.8293	9046
13.8337	9077
13.8376	9108
13.842	9139
13.8459	9170
13.8503	9201
13.8542	9232
13.8586	9263
13.8625	9294
13.8669	9324
13.8709	9354
13.8753	9384
13.8792	9414
13.8836	9444
13.8875	9474
13.8919	9504
13.8958	9534
13.9002	9564
13.9041	9594
13.9085	9623
13.9125	9652
13.9169	9681
13.9208	9710
13.9252	9739
13.9291	9768
13.9335	9797
13.9374	9826
13.9418	9855
13.9457	9884
13.9501	9913
13.9541	9941
13.9585	9969
13.9624	9997
13.9668	10025
13.9707	10053
13.9751	10081
13.979	10109
13.9834	10137
13.9873	10165
13.9917	10193
13.9957	10221
14.0001	10249
14.004	10277
14.0084	10304
14.0123	10331
14.0167	10358
14.0206	10385
14.025	10412
14.0289	10439
14.0333	10466
14.0373	10493
14.0417	10520
14.0456	10547
14.05	10574
14.0539	10601
14.0583	10628
14.0622	10655
14.0666	10681
14.0705	10707
14.0749	10733
14.0789	10759
14.0833	10785
14.0872	10811
14.0916	10837
14.0955	10863
14.0999	10889
14.1038	10915
14.1082	10941
14.1121	10967
14.1165	10993
14.1205	11019
14.1249	11045
14.1288	11071
14.1332	11096
14.1371	11121
14.1415	11146
14.1454	11171
14.1498	11196
14.1537	11221
14.1581	11246
14.1621	11271
14.1665	11296
14.1704	11321
14.1748	11346
14.1787	11371
14.1831	11396
14.187	11421
14.1914	11446
14.1953	11471
14.1997	11496
14.2037	11520
14.2081	11544
14.212	11568
14.2164	11592
14.2203	11616
14.2247	11640
14.2286	11664
14.233	11688
14.2369	11712
14.2413	11736
14.2453	11760
14.2497	11784
14.2536	11808
14.258	11832
14.2619	11856
14.2663	11880
14.2702	11904
14.2746	11928
14.2785	11952
14.2829	11976
14.2869	11999
14.2913	12022
14.2952	12045
14.2996	12068
14.3035	12091
14.3079	12114
14.3118	12137
14.3162	12160
14.3201	12183
14.3245	12206
14.3285	12229
14.3329	12252
14.3368	12275
14.3412	12298
14.3451	12321
14.3495	12344
14.3534	12367
14.3578	12390
14.3617	12413
14.3661	12436
14.3701	12459
14.3745	12482
14.3784	12505
14.3828	12527
14.3867	12549
14.3911	12571
14.395	12593
14.3994	12615
14.4033	12637
14.4077	12659
14.4117	12681
14.4161	12703
14.42	12725
14.4244	12747
14.4283	12769
14.4327	12791
14.4366	12813
14.441	12835
14.4449	12857
14.4493	12879
14.4533	12901
14.4577	12923
14.4616	12945
14.466	12967
14.4699	12989
14.4743	13011
14.4782	13033
14.4826	13055
14.4865	13077
14.4909	13098
14.4949	13119
14.4993	13140
14.5032	13161
14.5076	13182
14.5115	13203
14.5159	13224
14.5198	13245
14.5242	13266
14.5281	13287
14.5325	13308
14.5365	13329
14.5409	13350
14.5448	13371
14.5492	13392
14.5531	13413
14.5575	13434
14.5614	13455
14.5658	13476
14.5697	13497
14.5741	13518
14.5781	13539
14.5825	13560
14.5864	13581
14.5908	13602
14.5947	13623
14.5991	13644
14.603	13665
14.6074	13686
14.6113	13706
14.6157	13726
14.6197	13746
14.6241	13766
14.628	13786
14.6324	13806
14.6363	13826
14.6407	13846
14.6446	13866
14.649	13886
14.6529	13906
14.6573	13926
14.6613	13946
14.6657	13966
14.6696	13986
14.674	14006
14.6779	14026
14.6823	14046
14.6862	14066
14.6906	14086
14.6945	14106
14.6989	14126
14.7029	14146
14.7073	14166
14.7112	14186
14.7156	14206
14.7195	14226
14.7239	14246
14.7278	14266
14.7322	14286
14.7361	14306
14.7405	14326
14.7445	14346
14.7489	14366
14.7528	14385
14.7572	14404
14.7611	14423
14.7655	14442
14.7694	14461
14.7738	14480
14.7777	14499
14.7821	14518
14.7861	14537
14.7905	14556
14.7944	14575
14.7988	14594
14.8027	14613
14.8071	14632
14.811	14651
14.8154	14670
14.8193	14689
14.8237	14708
14.8277	14727
14.8321	14746
14.836	14765
14.8404	14784
14.8443	14803
14.8487	14822
14.8526	14841
14.857	14860
14.8609	14879
14.8653	14898
14.8693	14917
14.8737	14936
14.8776	14955
14.882	14974
14.8859	14993
14.8903	15012
14.8942	15031
14.8986	15050
14.9025	15069
14.9069	15088
14.9109	15107
14.9153	15126
14.9192	15144
14.9236	15162
14.9275	15180
14.9319	15198
14.9358	15216
14.9402	15234
14.9441	15252
14.9485	15270
14.9525	15288
14.9569	15306
14.9608	15324
14.9652	15342
14.9691	15360
14.9735	15378
14.9774	15396
14.9818	15414
14.9857	15432
14.9901	15450
14.9941	15468
14.9985	15486
15.0033	15504
15.0107	3404
15.0116	3940
15.0151	4476
15.016	5012
15.019	5548
15.0199	6084
15.0209	1796
15.0327	1955
15.0427	2101
15.0528	2237
15.065	2365
15.0669	2486
15.076	2601
15.0779	2711
15.087	2816
15.0914	2918
15.0983	3016
15.1015	3111
15.1084	3203
15.1115	3292
15.1184	3379
15.1233	3464
15.1251	3546
15.1294	3627
15.1343	3706
15.1362	3783
15.1408	3858
15.1453	3932
15.1496	4005
15.1515	4076
15.1565	4146
15.1597	4215
15.1616	4283
15.1666	4350
15.1698	4416
15.1741	4481
15.1767	4545
15.1785	4608
15.1829	4670
15.1851	4731
15.1877	4791
15.192	4850
15.1939	4909
15.1961	4967
15.2005	5024
15.203	5081
15.2074	5137
15.2093	5192
15.2112	5247
15.2149	5301
15.2175	5355
15.2194	5408
15.2237	5461
15.2249	5513
15.2267	5565
15.2285	5616
15.2327	5667
15.2362	5717
15.2406	5767
15.2446	5816
15.249	5865
15.2529	5913
15.2573	5961
15.2612	6009
15.2656	6056
15.2695	6103
15.2739	6150
15.2778	6196
15.2822	6242
15.2862	6288
15.2906	6333
15.2945	6378
15.2989	6423
15.3028	6467
15.3072	6511
15.3111	6555
15.3155	6598
15.3194	6641
15.3238	6684
15.3278	6726
15.3322	6768
15.3361	6810
15.3405	6852
15.3444	6893
15.3488	6934
15.3527	6975
15.3571	7016
15.361	7056
15.3654	7096
15.3694	7136
15.3738	7176
15.3777	7216
15.3821	7255
15.386	7294
15.3904	7333
15.3943	7372
15.3987	7410
15.4026	7448
15.407	7486
15.411	7524
15.4154	7562
15.4193	7599
15.4237	7636
15.4276	7673
15.432	7710
15.4359	7747
15.4403	7784
15.4442	7820
15.4486	7856
15.4526	7892
15.457	7928
15.4609	7964
15.4653	8000
15.4692	8035
15.4766	8070
15.4819	3136
15.4849	3672
15.4858	4208
15.4893	4744
15.4902	5280
15.492	1528
15.502	1716
15.5152	1883
15.5253	2035
15.5354	2176
15.5476	2308
15.5495	2432
15.5586	2550
15.5605	2662
15.5696	2769
15.574	2872
15.5818	2972
15.584	3068
15.5919	3161
15.5941	3251
15.6019	3339
15.6063	3425
15.6082	3508
15.6151	3589
15.6173	3669
15.6192	3747
15.6261	3823
15.6283	3898
15.6327	3971
15.6371	4043
15.6415	4114
15.6433	4183
15.6474	4251
15.6515	4318
15.6559	4384
15.6578	4449
15.6641	4513
15.6659	4576
15.6678	4638
15.6697	4699
15.6751	4760
15.677	4820
15.6788	4879
15.6832	4937
15.6861	4995
15.6904	5052
15.6923	5108
15.6942	5164
15.6978	5219
15.7005	5274
15.7024	5328
15.7068	5381
15.7086	5434
15.7106	5486
15.7149	5538
15.7168	5589
15.7187	5640
15.7206	5690
15.725	5740
15.7268	5790
15.7287	5839
15.732	5888
15.7345	5936
15.7389	5984
15.7429	6032
15.7473	6079
15.7512	6126
15.7556	6172
15.7595	6218
15.7639	6264
15.7678	6309
15.7722	6354
15.7761	6399
15.7805	6443
15.7845	6487
15.7889	6531
15.7928	6574
15.7972	6617
15.8011	6660
15.8055	6703
15.8094	6745
15.8138	6787
15.8177	6829
15.8221	6871
15.8261	6912
15.8305	6953
15.8344	6994
15.8388	7035
15.8427	7075
15.8471	7115
15.851	7155
15.8554	7195
15.8593	7234
15.8637	7273
15.8677	7312
15.8721	7351
15.876	7390
15.8804	7428
15.8843	7466
15.8887	7504
15.8926	7542
15.897	7580
15.9009	7617
15.9053	7654
15.9093	7691
15.9137	7728
15.9176	7765
15.922	7801
15.9259	7837
15.9303	7873
15.9342	7909
15.9386	7945
15.9425	7981
15.9469	8016
15.9509	8051
15.9553	8086
15.9592	8121
15.9636	8156
15.9675	8191
15.9719	8226
15.9758	8260
15.9802	8294
15.9841	8328
15.9885	8362
15.9925	8396
15.9969	8430
16.0008	8464
16.0052	8497
16.0091	8530
16.0135	8563
16.0174	8596
16.0218	8629
16.0257	8662
16.0301	8695
16.0341	8728
16.0385	8760
16.0424	8792
16.0468	8824
16.0507	8856
16.056	8888
16.0634	3404
16.0643	3940
16.0673	4476
16.0682	5012
16.0717	5548
16.0726	6084
16.0736	1796
16.0836	1955
16.0937	2101
16.105	2237
16.1151	2365
16.117	2486
16.1261	2601
16.128	2711
16.1392	2816
16.1411	2918
16.1493	3016
16.1512	3111
16.1594	3203
16.1637	3292
16.1716	3379
16.1738	3464
16.1757	3546
16.1826	3627
16.1848	3706
16.1892	3783
16.1936	3858
16.198	3932
16.2002	4005
16.2049	4076
16.208	4146
16.2102	4215
16.2149	4283
16.2181	4350
16.2224	4416
16.225	4481
16.2298	4545
16.2317	4608
16.2336	4670
16.236	4731
16.2408	4791
16.2427	4850
16.2446	4909
16.249	4967
16.2518	5024
16.2562	5081
16.2581	5137
16.26	5192
16.2636	5247
16.2663	5301
16.2681	5355
16.2725	5408
16.2737	5461
16.2755	5513
16.2774	5565
16.2815	5616
16.2846	5667
16.289	5717
16.2929	5767
16.2973	5816
16.3012	5865
16.3056	5913
16.3095	5961
16.3139	6009
16.3178	6056
16.3222	6103
16.3262	6150
16.3306	6196
16.3345	6242
16.3389	6288
16.3428	6333
16.3502	6378
16.3555	3136
16.3585	3672
16.3594	4208
16.3629	4744
16.3638	5280
16.3656	1528
16.3756	1716
16.3888	1883
16.3989	2035
16.409	2176
16.4212	2308
16.4231	2432
16.4322	2550
16.4341	2662
16.4432	2769
16.4476	2872
16.4554	2972
16.4576	3068
16.4655	3161
16.4677	3251
16.4755	3339
16.4799	3425
16.4818	3508
16.4887	3589
16.4909	3669
16.4928	3747
16.4997	3823
16.5019	3898
16.5063	3971
16.5107	4043
16.5151	4114
16.5169	4183
16.521	4251
16.5251	4318
16.5314	3484
16.5323	4020
16.5377	4556
16.5386	5092
16.5395	5628
16.5405	6164
16.5414	6700
16.5424	1876
16.5515	2029
16.5626	2170
16.5727	2302
16.5746	2426
16.5837	2544
16.5856	2656
16.5987	2680
16.6069	3216
16.6078	3752
16.6088	1072
16.6213	1340
16.6323	1554
16.6433	1738
16.6551	1903
16.6651	2053
16.6752	2192
16.6874	2323
16.6893	2446
16.6984	2563
16.7003	2675
16.7094	2782
16.7138	2885
16.7216	2984
16.7239	3080
16.7317	3173
16.7339	3263
16.7418	3351
16.7461	3436
16.748	3519
16.7549	3600
16.7571	3679
16.759	3757
16.7659	3833
16.7681	3907
16.7725	3980
16.776	4052
16.7804	4122
16.7826	4191
16.7873	4259
16.7904	4326
16.7926	4392
16.7973	4457
16.8005	4521
16.8024	4584
16.8067	4646
16.8086	4707
16.8132	4768
16.8151	4828
16.8177	4887
16.8221	4945
16.8242	5003
16.8261	5060
16.8304	5116
16.8323	5172
16.8342	5227
16.8386	5281
16.8405	5335
16.8424	5388
16.8467	5441
16.8487	5493
16.8505	5545
16.8549	5596
16.8568	5647
16.8587	5697
16.8606	5747
16.8642	5796
16.8661	5845
16.868	5894
16.8722	5942
16.8741	5990
16.876	6037
16.8778	6084
16.8814	6131
16.8833	6177
16.8852	6223
16.8894	6269
16.8913	6314
16.8932	6359
16.8968	6404
16.8987	6448
16.9006	6492
16.9042	6536
16.9061	6579
16.908	6622
16.9099	6665
16.9117	6708
16.9153	6750
16.9172	6792
16.9191	6834
16.9227	6876
16.9246	6917
16.9265	6958
16.9284	6999
16.932	7040
16.9339	7080
16.9358	7120
16.9394	7160
16.9412	7200
16.9431	7239
16.945	7278
16.9486	7317
16.9505	7356
16.9524	7395
16.956	7433
16.9575	7471
16.9594	7509
16.9612	7547
16.9647	7585
16.9668	7622
16.9712	7659
16.9751	7696
16.9795	7733
16.9834	7770
16.9878	7806
16.9918	7842
16.9962	7878
17.0001	7914
17.0045	7950
17.0084	7986
17.0128	8021
17.0167	8056
17.0211	8091
17.025	8126
17.0294	8161
17.0334	8196
17.0378	8231
17.0417	8265
17.0461	8299
17.05	8333
17.0544	8367
17.0583	8401
17.0627	8435
17.0666	8469
17.071	8502
17.075	8535
17.0794	8568
17.0833	8601
17.0877	8634
17.0916	8667
17.096	8700
17.0999	8733
17.1043	8765
17.1082	8797
17.1126	8829
17.1166	8861
17.121	8893
17.1249	8925
17.1293	8957
17.1332	8989
17.1376	9020
17.1415	9051
17.1459	9082
17.1498	9113
17.1542	9144
17.1582	9175
17.1626	9206
17.1665	9237
17.1709	9268
17.1748	9298
17.1792	9328
17.1831	9358
17.1875	9388
17.1914	9418
17.1958	9448
17.1998	9478
17.2042	9508
17.2081	9538
17.2125	9568
17.2164	9598
17.2208	9627
17.2247	9656
17.2291	9685
17.233	9714
17.2374	9743
17.2414	9772
17.2458	9801
17.2497	9830
17.2541	9859
17.258	9888
17.2624	9917
17.2663	9945
17.2707	9973
17.2746	10001
17.279	10029
17.283	10057
17.2874	10085
17.2913	10113
17.2957	10141
17.2996	10169
17.304	10197
17.3079	10225
17.3123	10253
17.3162	10281
17.3206	10308
17.3246	10335
17.329	10362
17.3329	10389
17.3373	10416
17.3412	10443
17.3456	10470
17.3495	10497
17.3539	10524
17.3613	10551
17.3662	3136
17.3697	3672
17.3706	4208
17.3736	4744
17.3745	5280
17.378	1528
17.388	1716
17.399	1883
17.4113	2035
17.4213	2176
17.4314	2308
17.4333	2432
17.4424	2550
17.4468	2662
17.4538	2769
17.4578	2872
17.4648	2972
17.4695	3068
17.4749	3161
17.4796	3251
17.4861	3339
17.4896	3425
17.4915	3508
17.4971	3589
17.5006	3669
17.505	3747
17.5081	3823
17.5125	3898
17.516	3971
17.5204	4043
17.5226	4114
17.5277	4183
17.5304	4251
17.5326	4318
17.5378	4384
17.5405	4449
17.5449	4513
17.5467	4576
17.5488	4638
17.5536	4699
17.5559	4760
17.5577	4820
17.5621	4879
17.5646	4937
17.5669	4995
17.5712	5052
17.5731	5108
17.575	5164
17.5794	5219
17.5813	5274
17.5832	5328
17.5875	5381
17.5894	5434
17.5914	5486
17.5957	5538
17.5976	5589
17.5995	5640
17.6014	5690
17.6056	5740
17.6074	5790
17.611	5839
17.6149	5888
17.6193	5936
17.6232	5984
17.6276	6032
17.6315	6079
17.6359	6126
17.6398	6172
17.6442	6218
17.6481	6264
17.6525	6309
17.6565	6354
17.6609	6399
17.6648	6443
17.6692	6487
17.6731	6531
17.6775	6574
17.6814	6617
17.6858	6660
17.6897	6703
17.6941	6745
17.6981	6787
17.7025	6829
17.7064	6871
17.7108	6912
17.7147	6953
17.7191	6994
17.723	7035
17.7274	7075
17.7313	7115
17.7357	7155
17.7397	7195
17.7441	7234
17.748	7273
17.7524	7312
17.7563	7351
17.7607	7390
17.7646	7428
17.769	7466
17.7729	7504
17.7773	7542
17.7813	7580
17.7857	7617
17.7896	7654
17.794	7691
17.7979	7728
17.8023	7765
17.8062	7801
17.8106	7837
17.8145	7873
17.8189	7909
17.8229	7945
17.8273	7981
17.8312	8016
17.8356	8051
17.8395	8086
17.8439	8121
17.8478	8156
17.8522	8191
17.8561	8226
17.8605	8260
17.8645	8294
17.8689	8328
17.8728	8362
17.8772	8396
17.8811	8430
17.8855	8464
17.8894	8497
17.8938	8530
17.8977	8563
17.9021	8596
17.9061	8629
17.9105	8662
17.9144	8695
17.9188	8728
17.9227	8760
17.9271	8792
17.931	8824
17.9354	8856
17.9393	8888
17.9437	8920
17.9477	8952
17.9521	8984
17.956	9015
17.9613	9046
17.9687	3404
17.9696	3940
17.9726	4476
17.9735	5012
17.977	5548
17.9779	6084
17.9789	1796
17.9889	1955
17.999	2101
Now throughput of udp is : 123552bytes
Now throughput of tcp is : 473096bytes
Now throughput of tcp is : 473096bytes
18.0103	2237
Now throughput of udp is : 123552bytes
Now throughput of tcp is : 473096bytes
Now throughput of tcp is : 473096bytes
Now throughput of tcp is : 473096bytes
18.0204	2365
Now throughput of udp is : 123552bytes
18.0222	2486
Now throughput of tcp is : 473096bytes
Now throughput of tcp is : 473096bytes
Now throughput of tcp is : 473096bytes
Now throughput of tcp is : 473096bytes
18.0314	2601
Now throughput of udp is : 123552bytes
18.0333	2711
Now throughput of udp is : 123552bytes
Now throughput of tcp is : 473096bytes
Now throughput of tcp is : 473096bytes
Now throughput of tcp is : 473096bytes
Now throughput of tcp is : 473096bytes
Now throughput of tcp is : 473096bytes
18.0445	2816
18.0464	2918
Now throughput of udp is : 123552bytes
Now throughput of tcp is : 473096bytes
Now throughput of tcp is : 473096bytes
Now throughput of tcp is : 473096bytes
Now throughput of tcp is : 473096bytes
18.0546	3016
Now throughput of udp is : 123552bytes
18.0565	3111
Now throughput of tcp is : 473096bytes
Now throughput of tcp is : 473096bytes
Now throughput of udp is : 123552bytes
18.0646	3203
Now throughput of tcp is : 473096bytes
Now throughput of tcp is : 473096bytes
18.069	3292
Now throughput of udp is : 123552bytes
Now throughput of tcp is : 473096bytes
Now throughput of tcp is : 473096bytes
Now throughput of tcp is : 473096bytes
Now throughput of tcp is : 473096bytes
Now throughput of tcp is : 473096bytes
18.0769	3379
18.0791	3464
Now throughput of udp is : 123552bytes
18.081	3546
Now throughput of tcp is : 473096bytes
Now throughput of tcp is : 473096bytes
Now throughput of tcp is : 473096bytes
Now throughput of tcp is : 473096bytes
18.0879	3627
Now throughput of udp is : 123552bytes
Now throughput of tcp is : 473096bytes
18.0901	3706
Now throughput of tcp is : 473096bytes
Now throughput of tcp is : 473096bytes
18.0944	3783
Now throughput of tcp is : 473096bytes
Now throughput of udp is : 123552bytes
Now throughput of tcp is : 473096bytes
18.0989	3858
Now throughput of tcp is : 473096bytes
Now throughput of tcp is : 473096bytes
Now throughput of tcp is : 473096bytes
Now throughput of tcp is : 473096bytes
18.1032	3932
Now throughput of udp is : 123552bytes
18.1055	4005
Now throughput of tcp is : 473096bytes
Now throughput of tcp is : 473096bytes
Now throughput of tcp is : 473096bytes
Now throughput of tcp is : 473096bytes
18.1101	4076
Now throughput of tcp is : 473096bytes
Now throughput of tcp is : 473096bytes
18.1133	4146
Now throughput of udp is : 123552bytes
18.1155	4215
18.1211	4283
Now throughput of udp is : 123552bytes
18.1277	3216
18.1287	3752
Now throughput of udp is : 123552bytes
18.1312	4288
Now throughput of tcp is : 473096bytes
18.1351	4824
18.136	5360
18.1378	1608
Now throughput of udp is : 123552bytes
Now throughput of tcp is : 473096bytes
Now throughput of tcp is : 473096bytes
Now throughput of tcp is : 473096bytes
Now throughput of udp is : 123552bytes
18.1478	1786
Now throughput of udp is : 123552bytes
Now throughput of tcp is : 473096bytes
Now throughput of tcp is : 473096bytes
18.1601	1946
Now throughput of udp is : 123552bytes
Now throughput of tcp is : 473096bytes
Now throughput of tcp is : 473096bytes
18.1701	2093
Now throughput of udp is : 123552bytes
Now throughput of tcp is : 473096bytes
Now throughput of tcp is : 473096bytes
Now throughput of udp is : 123552bytes
18.1802	2230
Now throughput of tcp is : 473096bytes
Now throughput of tcp is : 473096bytes
Now throughput of tcp is : 473096bytes
18.1902	2358
Now throughput of udp is : 123552bytes
18.1921	2479
Now throughput of udp is : 123552bytes
Now throughput of tcp is : 473096bytes
Now throughput of tcp is : 473096bytes
Now throughput of tcp is : 473096bytes
Now throughput of tcp is : 473096bytes
18.2026	2594
18.2045	2704
Now throughput of udp is : 123552bytes
Now throughput of tcp is : 473096bytes
Now throughput of tcp is : 473096bytes
Now throughput of tcp is : 473096bytes
Now throughput of tcp is : 473096bytes
Now throughput of tcp is : 473096bytes
18.2136	2810
Now throughput of udp is : 123552bytes
18.2155	2912
Now throughput of tcp is : 473096bytes
Now throughput of tcp is : 473096bytes
Now throughput of udp is : 123552bytes
18.2237	3010
Now throughput of tcp is : 473096bytes
Now throughput of tcp is : 473096bytes
18.228	3105
Now throughput of udp is : 123552bytes
Now throughput of tcp is : 473096bytes
Now throughput of tcp is : 473096bytes
Now throughput of tcp is : 473096bytes
Now throughput of tcp is : 473096bytes
18.2349	3197
18.2381	3286
Now throughput of tcp is : 473096bytes
Now throughput of tcp is : 473096bytes
Now throughput of tcp is : 473096bytes
Now throughput of tcp is : 473096bytes
18.245	3373
Now throughput of tcp is : 473096bytes
18.2482	3458
Now throughput of udp is : 123552bytes
18.25	3541
Now throughput of tcp is : 473096bytes
Now throughput of tcp is : 473096bytes
Now throughput of udp is : 123552bytes
Now throughput of tcp is : 473096bytes
18.256	3622
Now throughput of tcp is : 473096bytes
Now throughput of tcp is : 473096bytes
Now throughput of tcp is : 473096bytes
18.2608	3701
18.2627	3778
Now throughput of udp is : 123552bytes
Now throughput of tcp is : 473096bytes
Now throughput of tcp is : 473096bytes
Now throughput of tcp is : 473096bytes
Now throughput of tcp is : 473096bytes
Now throughput of tcp is : 473096bytes
18.2692	3854
Now throughput of tcp is : 473096bytes
Now throughput of tcp is : 473096bytes
18.2718	3928
Now throughput of udp is : 123552bytes
18.2737	4001
Now throughput of tcp is : 473096bytes
Now throughput of tcp is : 473096bytes
Now throughput of tcp is : 473096bytes
Now throughput of tcp is : 473096bytes
18.2792	4072
Now throughput of udp is : 123552bytes
18.2819	4142
Now throughput of tcp is : 473096bytes
Now throughput of tcp is : 473096bytes
Now throughput of tcp is : 473096bytes
Now throughput of tcp is : 473096bytes
18.2863	4211
Now throughput of udp is : 123552bytes
18.2893	4279
Now throughput of tcp is : 473096bytes
Now throughput of tcp is : 473096bytes
Now throughput of tcp is : 473096bytes
Now throughput of tcp is : 473096bytes
18.2937	4346
18.2963	4412
Now throughput of udp is : 123552bytes
Now throughput of tcp is : 473096bytes
Now throughput of tcp is : 473096bytes
Now throughput of tcp is : 473096bytes
Now throughput of tcp is : 473096bytes
Now throughput of tcp is : 473096bytes
18.3015	4477
Now throughput of tcp is : 473096bytes
Now throughput of tcp is : 473096bytes
18.3037	4541
18.3056	4604
Now throughput of udp is : 123552bytes
Now throughput of tcp is : 473096bytes
18.3075	4666
Now throughput of tcp is : 473096bytes
Now throughput of tcp is : 473096bytes
Now throughput of tcp is : 473096bytes
18.3125	4727
Now throughput of udp is : 123552bytes
Now throughput of tcp is : 473096bytes
18.3147	4787
Now throughput of tcp is : 473096bytes
Now throughput of tcp is : 473096bytes
Now throughput of tcp is : 473096bytes
Now throughput of tcp is : 473096bytes
18.3191	4847
Now throughput of tcp is : 473096bytes
18.321	4906
Now throughput of udp is : 123552bytes
Now throughput of tcp is : 473096bytes
18.3235	4964
Now throughput of tcp is : 473096bytes
Now throughput of tcp is : 473096bytes
Now throughput of tcp is : 473096bytes
Now throughput of tcp is : 473096bytes
Now throughput of tcp is : 473096bytes
18.3279	5021
Now throughput of tcp is : 473096bytes
18.3301	5078
Now throughput of udp is : 123552bytes
18.332	5134
Now throughput of tcp is : 473096bytes
Now throughput of tcp is : 473096bytes
Now throughput of tcp is : 473096bytes
Now throughput of tcp is : 473096bytes
Now throughput of tcp is : 473096bytes
18.3363	5189
Now throughput of tcp is : 473096bytes
18.3382	5244
Now throughput of udp is : 123552bytes
18.3402	5298
Now throughput of tcp is : 473096bytes
Now throughput of tcp is : 473096bytes
Now throughput of tcp is : 473096bytes
Now throughput of tcp is : 473096bytes
Now throughput of tcp is : 473096bytes
18.3445	5352
Now throughput of tcp is : 473096bytes
18.3464	5405
Now throughput of udp is : 123552bytes
18.3483	5458
Now throughput of tcp is : 473096bytes
Now throughput of tcp is : 473096bytes
Now throughput of tcp is : 473096bytes
Now throughput of tcp is : 473096bytes
Now throughput of tcp is : 473096bytes
18.3527	5510
Now throughput of tcp is : 473096bytes
Now throughput of tcp is : 473096bytes
18.3546	5562
18.3565	5613
Now throughput of udp is : 123552bytes
Now throughput of tcp is : 473096bytes
18.3584	5664
Now throughput of tcp is : 473096bytes
Now throughput of tcp is : 473096bytes
18.3627	5714
Now throughput of udp is : 123552bytes
18.3656	5764
18.3701	4020
18.371	4556
18.372	5092
Now throughput of udp is : 123552bytes
18.3729	5628
18.3739	6164
Now throughput of tcp is : 473096bytes
18.3772	6700
18.3781	7236
18.3792	7772
Now throughput of udp is : 123552bytes
18.3802	2412
Now throughput of tcp is : 473096bytes
Now throughput of tcp is : 473096bytes
Now throughput of tcp is : 473096bytes
Now throughput of tcp is : 473096bytes
18.3893	2531
Now throughput of udp is : 123552bytes
18.3912	2644
Now throughput of udp is : 123552bytes
Now throughput of tcp is : 473096bytes
Now throughput of tcp is : 473096bytes
Now throughput of tcp is : 473096bytes
Now throughput of tcp is : 473096bytes
18.4023	2752
18.4042	2856
Now throughput of udp is : 123552bytes
Now throughput of tcp is : 473096bytes
Now throughput of tcp is : 473096bytes
Now throughput of tcp is : 473096bytes
Now throughput of tcp is : 473096bytes
Now throughput of tcp is : 473096bytes
18.4133	2956
Now throughput of udp is : 123552bytes
18.4152	3053
Now throughput of tcp is : 473096bytes
Now throughput of tcp is : 473096bytes
Now throughput of udp is : 123552bytes
18.4233	3147
Now throughput of tcp is : 473096bytes
Now throughput of tcp is : 473096bytes
18.4277	3238
Now throughput of udp is : 123552bytes
Now throughput of tcp is : 473096bytes
Now throughput of tcp is : 473096bytes
Now throughput of tcp is : 473096bytes
Now throughput of tcp is : 473096bytes
18.4346	3326
Now throughput of tcp is : 473096bytes
18.4378	3412
Now throughput of udp is : 123552bytes
18.4397	3496
Now throughput of tcp is : 473096bytes
Now throughput of tcp is : 473096bytes
Now throughput of tcp is : 473096bytes
Now throughput of tcp is : 473096bytes
18.4456	3578
Now throughput of udp is : 123552bytes
Now throughput of tcp is : 473096bytes
18.4488	3658
Now throughput of tcp is : 473096bytes
Now throughput of tcp is : 473096bytes
Now throughput of tcp is : 473096bytes
18.4531	3736
Now throughput of udp is : 123552bytes
Now throughput of tcp is : 473096bytes
18.4566	3812
Now throughput of tcp is : 473096bytes
Now throughput of tcp is : 473096bytes
Now throughput of tcp is : 473096bytes
18.461	3887
Now throughput of udp is : 123552bytes
Now throughput of tcp is : 473096bytes
18.4642	3960
Now throughput of tcp is : 473096bytes
Now throughput of tcp is : 473096bytes
Now throughput of tcp is : 473096bytes
Now throughput of tcp is : 473096bytes
18.4688	4032
18.4711	4103
Now throughput of udp is : 123552bytes
Now throughput of tcp is : 473096bytes
Now throughput of tcp is : 473096bytes
Now throughput of tcp is : 473096bytes
Now throughput of tcp is : 473096bytes
18.4762	4173
Now throughput of tcp is : 473096bytes
Now throughput of tcp is : 473096bytes
18.4789	4241
Now throughput of udp is : 123552bytes
18.4811	4308
Now throughput of tcp is : 473096bytes
Now throughput of tcp is : 473096bytes
Now throughput of tcp is : 473096bytes
Now throughput of tcp is : 473096bytes
18.4863	4374
Now throughput of udp is : 123552bytes
18.489	4439
Now throughput of tcp is : 473096bytes
Now throughput of tcp is : 473096bytes
Now throughput of tcp is : 473096bytes
Now throughput of tcp is : 473096bytes
Now throughput of tcp is : 473096bytes
18.4933	4503
18.4952	4566
Now throughput of udp is : 123552bytes
Now throughput of tcp is : 473096bytes
18.4973	4628
Now throughput of tcp is : 473096bytes
Now throughput of tcp is : 473096bytes
Now throughput of tcp is : 473096bytes
Now throughput of tcp is : 473096bytes
Now throughput of tcp is : 473096bytes
18.5021	4690
18.5043	4751
Now throughput of udp is : 123552bytes
Now throughput of tcp is : 473096bytes
18.5062	4811
Now throughput of tcp is : 473096bytes
Now throughput of tcp is : 473096bytes
Now throughput of tcp is : 473096bytes
Now throughput of tcp is : 473096bytes
18.5106	4870
Now throughput of tcp is : 473096bytes
18.5131	4928
Now throughput of udp is : 123552bytes
Now throughput of tcp is : 473096bytes
18.5153	4986
Now throughput of tcp is : 473096bytes
Now throughput of tcp is : 473096bytes
Now throughput of tcp is : 473096bytes
Now throughput of tcp is : 473096bytes
Now throughput of tcp is : 473096bytes
18.5197	5043
Now throughput of tcp is : 473096bytes
18.5216	5099
Now throughput of udp is : 123552bytes
18.5235	5155
Now throughput of tcp is : 473096bytes
Now throughput of tcp is : 473096bytes
Now throughput of tcp is : 473096bytes
Now throughput of tcp is : 473096bytes
Now throughput of tcp is : 473096bytes
18.5279	5210
Now throughput of tcp is : 473096bytes
18.5298	5265
Now throughput of udp is : 123552bytes
18.5317	5319
Now throughput of tcp is : 473096bytes
Now throughput of tcp is : 473096bytes
Now throughput of tcp is : 473096bytes
Now throughput of tcp is : 473096bytes
Now throughput of tcp is : 473096bytes
Now throughput of tcp is : 473096bytes
18.536	5373
Now throughput of tcp is : 473096bytes
18.5371	5426
18.5389	5478
Now throughput of udp is : 123552bytes
Now throughput of tcp is : 473096bytes
18.5408	5530
Now throughput of tcp is : 473096bytes
Now throughput of tcp is : 473096bytes
Now throughput of tcp is : 473096bytes
18.545	5581
Now throughput of udp is : 123552bytes
Now throughput of tcp is : 473096bytes
18.5476	5632
Now throughput of tcp is : 473096bytes
Now throughput of tcp is : 473096bytes
Now throughput of tcp is : 473096bytes
18.552	5683
Now throughput of udp is : 123552bytes
Now throughput of tcp is : 473096bytes
18.5559	5733
Now throughput of tcp is : 473096bytes
Now throughput of tcp is : 473096bytes
Now throughput of tcp is : 473096bytes
18.5603	5783
Now throughput of udp is : 123552bytes
Now throughput of tcp is : 473096bytes
18.5642	5832
Now throughput of tcp is : 473096bytes
Now throughput of tcp is : 473096bytes
Now throughput of tcp is : 473096bytes
18.5686	5881
Now throughput of udp is : 123552bytes
Now throughput of tcp is : 473096bytes
18.5726	5929
Now throughput of tcp is : 473096bytes
Now throughput of tcp is : 473096bytes
Now throughput of tcp is : 473096bytes
18.577	5977
Now throughput of udp is : 123552bytes
Now throughput of tcp is : 473096bytes
18.5809	6025
Now throughput of tcp is : 473096bytes
Now throughput of tcp is : 473096bytes
Now throughput of tcp is : 473096bytes
18.5853	6072
Now throughput of udp is : 123552bytes
Now throughput of tcp is : 473096bytes
18.5892	6119
Now throughput of tcp is : 473096bytes
Now throughput of tcp is : 473096bytes
Now throughput of tcp is : 473096bytes
18.5936	6165
Now throughput of udp is : 123552bytes
Now throughput of tcp is : 473096bytes
18.5975	6211
Now throughput of tcp is : 473096bytes
Now throughput of tcp is : 473096bytes
Now throughput of tcp is : 473096bytes
18.6019	6257
Now throughput of udp is : 123552bytes
Now throughput of tcp is : 473096bytes
18.6058	6302
Now throughput of tcp is : 473096bytes
Now throughput of tcp is : 473096bytes
Now throughput of tcp is : 473096bytes
18.6102	6347
Now throughput of udp is : 123552bytes
Now throughput of tcp is : 473096bytes
18.6142	6392
Now throughput of tcp is : 473096bytes
Now throughput of tcp is : 473096bytes
Now throughput of tcp is : 473096bytes
18.6186	6436
Now throughput of udp is : 123552bytes
Now throughput of tcp is : 473096bytes
18.6225	6480
Now throughput of tcp is : 473096bytes
Now throughput of tcp is : 473096bytes
Now throughput of tcp is : 473096bytes
18.6269	6524
Now throughput of udp is : 123552bytes
Now throughput of tcp is : 473096bytes
18.6308	6568
Now throughput of tcp is : 473096bytes
Now throughput of tcp is : 473096bytes
Now throughput of tcp is : 473096bytes
18.6352	6611
Now throughput of udp is : 123552bytes
Now throughput of tcp is : 473096bytes
18.6391	6654
Now throughput of tcp is : 473096bytes
Now throughput of tcp is : 473096bytes
Now throughput of tcp is : 473096bytes
18.6435	6697
Now throughput of udp is : 123552bytes
Now throughput of tcp is : 473096bytes
18.6474	6739
Now throughput of tcp is : 473096bytes
Now throughput of tcp is : 473096bytes
Now throughput of tcp is : 473096bytes
18.6518	6781
Now throughput of udp is : 123552bytes
Now throughput of tcp is : 473096bytes
18.6558	6823
Now throughput of tcp is : 473096bytes
Now throughput of tcp is : 473096bytes
Now throughput of tcp is : 473096bytes
18.6602	6865
Now throughput of udp is : 123552bytes
Now throughput of tcp is : 473096bytes
18.6641	6906
Now throughput of tcp is : 473096bytes
Now throughput of tcp is : 473096bytes
Now throughput of tcp is : 473096bytes
18.6685	6947
Now throughput of udp is : 123552bytes
Now throughput of tcp is : 473096bytes
18.6724	6988
Now throughput of tcp is : 473096bytes
Now throughput of tcp is : 473096bytes
Now throughput of tcp is : 473096bytes
18.6768	7029
Now throughput of udp is : 123552bytes
Now throughput of tcp is : 473096bytes
18.6807	7069
Now throughput of tcp is : 473096bytes
Now throughput of tcp is : 473096bytes
Now throughput of tcp is : 473096bytes
18.6851	7109
Now throughput of udp is : 123552bytes
Now throughput of tcp is : 473096bytes
18.689	7149
Now throughput of tcp is : 473096bytes
Now throughput of tcp is : 473096bytes
Now throughput of tcp is : 473096bytes
18.6934	7189
Now throughput of tcp is : 473096bytes
18.6974	7228
Now throughput of tcp is : 473096bytes
Now throughput of tcp is : 473096bytes
Now throughput of tcp is : 473096bytes
18.7018	7267
Now throughput of udp is : 123552bytes
Now throughput of tcp is : 473096bytes
18.7057	7306
Now throughput of tcp is : 473096bytes
Now throughput of tcp is : 473096bytes
Now throughput of tcp is : 473096bytes
18.7101	7345
Now throughput of udp is : 123552bytes
Now throughput of tcp is : 473096bytes
18.714	7384
Now throughput of tcp is : 473096bytes
Now throughput of tcp is : 473096bytes
Now throughput of tcp is : 473096bytes
18.7184	7422
Now throughput of udp is : 123552bytes
Now throughput of tcp is : 473096bytes
18.7223	7460
Now throughput of tcp is : 473096bytes
Now throughput of tcp is : 473096bytes
Now throughput of tcp is : 473096bytes
18.7267	7498
Now throughput of udp is : 123552bytes
Now throughput of tcp is : 473096bytes
18.7306	7536
Now throughput of tcp is : 473096bytes
Now throughput of tcp is : 473096bytes
Now throughput of tcp is : 473096bytes
18.735	7574
Now throughput of udp is : 123552bytes
Now throughput of tcp is : 473096bytes
18.739	7611
Now throughput of tcp is : 473096bytes
Now throughput of tcp is : 473096bytes
Now throughput of tcp is : 473096bytes
18.7434	7648
Now throughput of udp is : 123552bytes
Now throughput of tcp is : 473096bytes
18.7473	7685
Now throughput of tcp is : 473096bytes
Now throughput of tcp is : 473096bytes
Now throughput of tcp is : 473096bytes
18.7517	7722
Now throughput of udp is : 123552bytes
Now throughput of tcp is : 473096bytes
18.7556	7759
Now throughput of tcp is : 473096bytes
Now throughput of tcp is : 473096bytes
Now throughput of tcp is : 473096bytes
18.76	7796
Now throughput of udp is : 123552bytes
Now throughput of tcp is : 473096bytes
18.7639	7832
Now throughput of tcp is : 473096bytes
Now throughput of tcp is : 473096bytes
Now throughput of tcp is : 473096bytes
18.7683	7868
Now throughput of udp is : 123552bytes
Now throughput of tcp is : 473096bytes
18.7722	7904
Now throughput of tcp is : 473096bytes
Now throughput of tcp is : 473096bytes
Now throughput of tcp is : 473096bytes
18.7766	7940
Now throughput of udp is : 123552bytes
Now throughput of tcp is : 473096bytes
18.7806	7976
Now throughput of tcp is : 473096bytes
Now throughput of tcp is : 473096bytes
Now throughput of tcp is : 473096bytes
18.785	8012
Now throughput of udp is : 123552bytes
Now throughput of tcp is : 473096bytes
18.7889	8047
Now throughput of tcp is : 473096bytes
Now throughput of tcp is : 473096bytes
Now throughput of tcp is : 473096bytes
18.7933	8082
Now throughput of udp is : 123552bytes
Now throughput of tcp is : 473096bytes
18.7972	8117
Now throughput of tcp is : 473096bytes
Now throughput of tcp is : 473096bytes
Now throughput of tcp is : 473096bytes
18.8016	8152
Now throughput of udp is : 123552bytes
Now throughput of tcp is : 473096bytes
18.8055	8187
Now throughput of tcp is : 473096bytes
Now throughput of tcp is : 473096bytes
Now throughput of tcp is : 473096bytes
18.8099	8222
Now throughput of udp is : 123552bytes
Now throughput of tcp is : 473096bytes
18.8138	8256
Now throughput of tcp is : 473096bytes
Now throughput of tcp is : 473096bytes
Now throughput of tcp is : 473096bytes
18.8182	8290
Now throughput of udp is : 123552bytes
Now throughput of tcp is : 473096bytes
18.8222	8324
Now throughput of tcp is : 473096bytes
Now throughput of tcp is : 473096bytes
Now throughput of tcp is : 473096bytes
18.8266	8358
Now throughput of udp is : 123552bytes
Now throughput of tcp is : 473096bytes
18.8305	8392
Now throughput of tcp is : 473096bytes
Now throughput of tcp is : 473096bytes
Now throughput of tcp is : 473096bytes
18.8349	8426
Now throughput of udp is : 123552bytes
Now throughput of tcp is : 473096bytes
18.8388	8460
Now throughput of tcp is : 473096bytes
Now throughput of tcp is : 473096bytes
Now throughput of tcp is : 473096bytes
18.8432	8493
Now throughput of udp is : 123552bytes
Now throughput of tcp is : 473096bytes
18.8471	8526
Now throughput of tcp is : 473096bytes
Now throughput of tcp is : 473096bytes
Now throughput of tcp is : 473096bytes
18.8515	8559
Now throughput of udp is : 123552bytes
Now throughput of tcp is : 473096bytes
18.8554	8592
Now throughput of tcp is : 473096bytes
Now throughput of tcp is : 473096bytes
Now throughput of tcp is : 473096bytes
18.8598	8625
Now throughput of udp is : 123552bytes
Now throughput of tcp is : 473096bytes
18.8638	8658
Now throughput of tcp is : 473096bytes
Now throughput of tcp is : 473096bytes
Now throughput of tcp is : 473096bytes
18.8682	8691
Now throughput of udp is : 123552bytes
Now throughput of tcp is : 473096bytes
18.8721	8724
Now throughput of tcp is : 473096bytes
Now throughput of tcp is : 473096bytes
Now throughput of tcp is : 473096bytes
18.8765	8756
Now throughput of udp is : 123552bytes
Now throughput of tcp is : 473096bytes
18.8804	8788
Now throughput of tcp is : 473096bytes
Now throughput of tcp is : 473096bytes
Now throughput of tcp is : 473096bytes
18.8848	8820
Now throughput of udp is : 123552bytes
Now throughput of tcp is : 473096bytes
18.8887	8852
Now throughput of tcp is : 473096bytes
Now throughput of tcp is : 473096bytes
Now throughput of tcp is : 473096bytes
18.8931	8884
Now throughput of udp is : 123552bytes
Now throughput of tcp is : 473096bytes
18.897	8916
Now throughput of tcp is : 473096bytes
Now throughput of tcp is : 473096bytes
Now throughput of tcp is : 473096bytes
18.9014	8948
Now throughput of udp is : 123552bytes
Now throughput of tcp is : 473096bytes
18.9054	8980
Now throughput of tcp is : 473096bytes
Now throughput of tcp is : 473096bytes
Now throughput of tcp is : 473096bytes
18.9098	9011
Now throughput of udp is : 123552bytes
Now throughput of tcp is : 473096bytes
18.9137	9042
Now throughput of tcp is : 473096bytes
Now throughput of tcp is : 473096bytes
Now throughput of tcp is : 473096bytes
18.9181	9073
Now throughput of udp is : 123552bytes
Now throughput of tcp is : 473096bytes
18.922	9104
Now throughput of tcp is : 473096bytes
Now throughput of tcp is : 473096bytes
Now throughput of tcp is : 473096bytes
18.9264	9135
Now throughput of udp is : 123552bytes
Now throughput of tcp is : 473096bytes
18.9303	9166
Now throughput of tcp is : 473096bytes
Now throughput of tcp is : 473096bytes
Now throughput of tcp is : 473096bytes
18.9347	9197
Now throughput of udp is : 123552bytes
Now throughput of tcp is : 473096bytes
18.9386	9228
Now throughput of tcp is : 473096bytes
Now throughput of tcp is : 473096bytes
Now throughput of tcp is : 473096bytes
18.943	9259
Now throughput of udp is : 123552bytes
Now throughput of tcp is : 473096bytes
18.947	9290
Now throughput of tcp is : 473096bytes
Now throughput of tcp is : 473096bytes
Now throughput of tcp is : 473096bytes
18.9514	9320
Now throughput of udp is : 123552bytes
Now throughput of tcp is : 473096bytes
18.9553	9350
Now throughput of tcp is : 473096bytes
Now throughput of tcp is : 473096bytes
Now throughput of tcp is : 473096bytes
18.9597	9380
Now throughput of udp is : 123552bytes
Now throughput of tcp is : 473096bytes
18.9636	9410
Now throughput of tcp is : 473096bytes
Now throughput of tcp is : 473096bytes
Now throughput of tcp is : 473096bytes
18.968	9440
Now throughput of udp is : 123552bytes
Now throughput of tcp is : 473096bytes
18.9719	9470
Now throughput of tcp is : 473096bytes
Now throughput of tcp is : 473096bytes
Now throughput of tcp is : 473096bytes
18.9763	9500
Now throughput of udp is : 123552bytes
Now throughput of tcp is : 473096bytes
18.9802	9530
Now throughput of tcp is : 473096bytes
Now throughput of tcp is : 473096bytes
Now throughput of tcp is : 473096bytes
18.9846	9560
Now throughput of udp is : 123552bytes
Now throughput of tcp is : 473096bytes
18.9886	9590
Now throughput of tcp is : 473096bytes
Now throughput of tcp is : 473096bytes
Now throughput of tcp is : 473096bytes
18.993	9619
Now throughput of udp is : 123552bytes
Now throughput of tcp is : 473096bytes
18.9969	9648
Now throughput of tcp is : 473096bytes
Now throughput of tcp is : 473096bytes
Now throughput of tcp is : 473096bytes
19.0013	9677
Now throughput of udp is : 123552bytes
Now throughput of tcp is : 473096bytes
19.0052	9706
Now throughput of tcp is : 473096bytes
Now throughput of tcp is : 473096bytes
Now throughput of tcp is : 473096bytes
19.0096	9735
Now throughput of udp is : 123552bytes
19.0135	9764
Now throughput of udp is : 123552bytes
19.0218	2884
19.0253	3420
19.0262	3956
Now throughput of udp is : 123552bytes
19.0293	4492
Now throughput of tcp is : 473096bytes
19.0302	5028
19.0337	1276
Now throughput of udp is : 123552bytes
Now throughput of tcp is : 473096bytes
Now throughput of tcp is : 473096bytes
19.0437	1501
Now throughput of udp is : 123552bytes
Now throughput of tcp is : 473096bytes
Now throughput of tcp is : 473096bytes
Now throughput of udp is : 123552bytes
19.0547	1692
Now throughput of udp is : 123552bytes
Now throughput of tcp is : 473096bytes
Now throughput of tcp is : 473096bytes
Now throughput of tcp is : 473096bytes
19.0679	1861
Now throughput of udp is : 123552bytes
Now throughput of tcp is : 473096bytes
Now throughput of tcp is : 473096bytes
19.0779	2015
Now throughput of udp is : 123552bytes
Now throughput of tcp is : 473096bytes
Now throughput of tcp is : 473096bytes
Now throughput of udp is : 123552bytes
19.088	2157
Now throughput of udp is : 123552bytes
Now throughput of tcp is : 473096bytes
Now throughput of tcp is : 473096bytes
Now throughput of tcp is : 473096bytes
19.1002	2290
19.1021	2415
Now throughput of udp is : 123552bytes
Now throughput of tcp is : 473096bytes
Now throughput of tcp is : 473096bytes
Now throughput of tcp is : 473096bytes
Now throughput of tcp is : 473096bytes
19.1112	2533
Now throughput of udp is : 123552bytes
19.1131	2646
Now throughput of tcp is : 473096bytes
Now throughput of tcp is : 473096bytes
Now throughput of udp is : 123552bytes
Now throughput of tcp is : 473096bytes
19.1222	2754
Now throughput of tcp is : 473096bytes
19.1266	2858
Now throughput of udp is : 123552bytes
Now throughput of tcp is : 473096bytes
Now throughput of tcp is : 473096bytes
Now throughput of tcp is : 473096bytes
Now throughput of tcp is : 473096bytes
Now throughput of tcp is : 473096bytes
19.1344	2958
19.1367	3055
Now throughput of udp is : 123552bytes
Now throughput of tcp is : 473096bytes
Now throughput of tcp is : 473096bytes
Now throughput of tcp is : 473096bytes
Now throughput of tcp is : 473096bytes
19.1445	3149
Now throughput of udp is : 123552bytes
19.1467	3240
Now throughput of tcp is : 473096bytes
Now throughput of tcp is : 473096bytes
Now throughput of udp is : 123552bytes
19.1546	3328
Now throughput of tcp is : 473096bytes
Now throughput of tcp is : 473096bytes
Now throughput of tcp is : 473096bytes
19.1589	3414
19.1608	3498
Now throughput of udp is : 123552bytes
Now throughput of tcp is : 473096bytes
Now throughput of tcp is : 473096bytes
Now throughput of tcp is : 473096bytes
Now throughput of tcp is : 473096bytes
Now throughput of tcp is : 473096bytes
Now throughput of tcp is : 473096bytes
19.1677	3580
19.1699	3660
Now throughput of udp is : 123552bytes
19.1718	3738
Now throughput of tcp is : 473096bytes
Now throughput of tcp is : 473096bytes
Now throughput of tcp is : 473096bytes
Now throughput of tcp is : 473096bytes
19.1787	3814
Now throughput of udp is : 123552bytes
Now throughput of tcp is : 473096bytes
19.1809	3889
Now throughput of tcp is : 473096bytes
Now throughput of tcp is : 473096bytes
19.1853	3962
Now throughput of tcp is : 473096bytes
Now throughput of tcp is : 473096bytes
Now throughput of udp is : 123552bytes
19.1897	4034
Now throughput of tcp is : 473096bytes
Now throughput of tcp is : 473096bytes
Now throughput of tcp is : 473096bytes
Now throughput of tcp is : 473096bytes
19.1941	4105
Now throughput of udp is : 123552bytes
Now throughput of tcp is : 473096bytes
19.196	4174
Now throughput of tcp is : 473096bytes
Now throughput of tcp is : 473096bytes
19.2001	4242
Now throughput of tcp is : 473096bytes
Now throughput of udp is : 123552bytes
19.2042	4309
Now throughput of tcp is : 473096bytes
Now throughput of tcp is : 473096bytes
Now throughput of tcp is : 473096bytes
Now throughput of tcp is : 473096bytes
19.2085	4375
19.2104	4440
Now throughput of udp is : 123552bytes
Now throughput of tcp is : 473096bytes
Now throughput of tcp is : 473096bytes
Now throughput of tcp is : 473096bytes
Now throughput of tcp is : 473096bytes
Now throughput of tcp is : 473096bytes
19.2167	4504
Now throughput of tcp is : 473096bytes
Now throughput of tcp is : 473096bytes
19.2186	4567
Now throughput of udp is : 123552bytes
19.2205	4629
19.2224	4691
Now throughput of tcp is : 473096bytes
Now throughput of tcp is : 473096bytes
Now throughput of tcp is : 473096bytes
Now throughput of tcp is : 473096bytes
Now throughput of tcp is : 473096bytes
Now throughput of tcp is : 473096bytes
19.2277	4752
19.2296	4812
Now throughput of udp is : 123552bytes
Now throughput of tcp is : 473096bytes
19.2315	4871
Now throughput of tcp is : 473096bytes
Now throughput of tcp is : 473096bytes
Now throughput of tcp is : 473096bytes
19.2358	4929
Now throughput of udp is : 123552bytes
Now throughput of tcp is : 473096bytes
19.2387	4987
Now throughput of tcp is : 473096bytes
Now throughput of tcp is : 473096bytes
Now throughput of tcp is : 473096bytes
Now throughput of tcp is : 473096bytes
Now throughput of tcp is : 473096bytes
19.2431	5044
Now throughput of tcp is : 473096bytes
19.245	5100
Now throughput of udp is : 123552bytes
Now throughput of tcp is : 473096bytes
19.2469	5156
Now throughput of tcp is : 473096bytes
Now throughput of tcp is : 473096bytes
Now throughput of tcp is : 473096bytes
19.2505	5211
Now throughput of tcp is : 473096bytes
Now throughput of tcp is : 473096bytes
19.2531	5266
Now throughput of udp is : 123552bytes
19.255	5320
Now throughput of tcp is : 473096bytes
Now throughput of tcp is : 473096bytes
Now throughput of tcp is : 473096bytes
Now throughput of tcp is : 473096bytes
Now throughput of tcp is : 473096bytes
19.2594	5374
Now throughput of tcp is : 473096bytes
19.2613	5427
Now throughput of udp is : 123552bytes
19.2632	5479
Now throughput of tcp is : 473096bytes
Now throughput of tcp is : 473096bytes
Now throughput of tcp is : 473096bytes
Now throughput of tcp is : 473096bytes
Now throughput of tcp is : 473096bytes
19.2676	5531
Now throughput of tcp is : 473096bytes
Now throughput of tcp is : 473096bytes
19.2695	5582
19.2713	5633
Now throughput of udp is : 123552bytes
Now throughput of tcp is : 473096bytes
19.2732	5684
Now throughput of tcp is : 473096bytes
Now throughput of tcp is : 473096bytes
Now throughput of tcp is : 473096bytes
Now throughput of tcp is : 473096bytes
Now throughput of tcp is : 473096bytes
19.2776	5734
Now throughput of udp is : 123552bytes
19.2795	5784
Now throughput of tcp is : 473096bytes
Now throughput of tcp is : 473096bytes
19.2814	5833
Now throughput of tcp is : 473096bytes
Now throughput of tcp is : 473096bytes
Now throughput of tcp is : 473096bytes
Now throughput of tcp is : 473096bytes
19.285	5882
19.2869	5930
Now throughput of udp is : 123552bytes
Now throughput of tcp is : 473096bytes
19.2887	5978
Now throughput of tcp is : 473096bytes
Now throughput of tcp is : 473096bytes
Now throughput of tcp is : 473096bytes
Now throughput of tcp is : 473096bytes
Now throughput of tcp is : 473096bytes
Now throughput of tcp is : 473096bytes
19.293	6026
19.2943	6073
Now throughput of udp is : 123552bytes
Now throughput of tcp is : 473096bytes
19.2961	6120
Now throughput of tcp is : 473096bytes
Now throughput of tcp is : 473096bytes
19.2999	6166
Now throughput of tcp is : 473096bytes
Now throughput of udp is : 123552bytes
19.3038	6212
Now throughput of tcp is : 473096bytes
Now throughput of tcp is : 473096bytes
Now throughput of tcp is : 473096bytes
19.3082	6258
Now throughput of tcp is : 473096bytes
Now throughput of udp is : 123552bytes
19.3121	6303
Now throughput of tcp is : 473096bytes
Now throughput of tcp is : 473096bytes
Now throughput of tcp is : 473096bytes
19.3165	6348
Now throughput of tcp is : 473096bytes
Now throughput of udp is : 123552bytes
19.3205	6393
Now throughput of tcp is : 473096bytes
Now throughput of tcp is : 473096bytes
Now throughput of tcp is : 473096bytes
19.3249	6437
Now throughput of tcp is : 473096bytes
Now throughput of udp is : 123552bytes
19.3288	6481
Now throughput of tcp is : 473096bytes
Now throughput of tcp is : 473096bytes
Now throughput of tcp is : 473096bytes
19.3332	6525
Now throughput of tcp is : 473096bytes
Now throughput of udp is : 123552bytes
19.3371	6569
Now throughput of tcp is : 473096bytes
Now throughput of tcp is : 473096bytes
Now throughput of tcp is : 473096bytes
19.3415	6612
Now throughput of tcp is : 473096bytes
Now throughput of udp is : 123552bytes
19.3454	6655
Now throughput of tcp is : 473096bytes
Now throughput of tcp is : 473096bytes
Now throughput of tcp is : 473096bytes
19.3498	6698
Now throughput of tcp is : 473096bytes
Now throughput of udp is : 123552bytes
19.3537	6740
Now throughput of tcp is : 473096bytes
Now throughput of tcp is : 473096bytes
Now throughput of tcp is : 473096bytes
19.3581	6782
Now throughput of tcp is : 473096bytes
Now throughput of udp is : 123552bytes
19.3621	6824
Now throughput of tcp is : 473096bytes
Now throughput of tcp is : 473096bytes
Now throughput of tcp is : 473096bytes
19.3665	6866
Now throughput of udp is : 123552bytes
19.3704	6907
Now throughput of udp is : 123552bytes
19.3787	3136
19.3796	3672
19.3831	4208
19.384	4744
Now throughput of tcp is : 473096bytes
19.387	5280
Now throughput of udp is : 123552bytes
19.3879	5816
19.3889	1528
Now throughput of tcp is : 473096bytes
Now throughput of udp is : 123552bytes
Now throughput of tcp is : 473096bytes
19.4005	1716
Now throughput of udp is : 123552bytes
Now throughput of tcp is : 473096bytes
Now throughput of tcp is : 473096bytes
Now throughput of tcp is : 473096bytes
Now throughput of udp is : 123552bytes
19.4115	1883
Now throughput of tcp is : 473096bytes
Now throughput of tcp is : 473096bytes
Now throughput of udp is : 123552bytes
19.4216	2035
Now throughput of udp is : 123552bytes
Now throughput of tcp is : 473096bytes
Now throughput of tcp is : 473096bytes
19.433	2176
Now throughput of udp is : 123552bytes
Now throughput of tcp is : 473096bytes
Now throughput of tcp is : 473096bytes
Now throughput of tcp is : 473096bytes
19.4431	2308
Now throughput of udp is : 123552bytes
19.445	2432
Now throughput of tcp is : 473096bytes
Now throughput of tcp is : 473096bytes
Now throughput of tcp is : 473096bytes
Now throughput of tcp is : 473096bytes
19.4541	2550
Now throughput of udp is : 123552bytes
19.456	2662
Now throughput of udp is : 123552bytes
Now throughput of tcp is : 473096bytes
Now throughput of tcp is : 473096bytes
Now throughput of tcp is : 473096bytes
Now throughput of tcp is : 473096bytes
19.4672	2769
19.4691	2872
Now throughput of udp is : 123552bytes
Now throughput of tcp is : 473096bytes
Now throughput of tcp is : 473096bytes
Now throughput of tcp is : 473096bytes
Now throughput of tcp is : 473096bytes
Now throughput of tcp is : 473096bytes
19.4782	2972
Now throughput of udp is : 123552bytes
19.4801	3068
Now throughput of tcp is : 473096bytes
Now throughput of tcp is : 473096bytes
Now throughput of udp is : 123552bytes
19.4883	3161
Now throughput of tcp is : 473096bytes
Now throughput of tcp is : 473096bytes
19.4927	3251
Now throughput of udp is : 123552bytes
Now throughput of tcp is : 473096bytes
Now throughput of tcp is : 473096bytes
Now throughput of tcp is : 473096bytes
Now throughput of tcp is : 473096bytes
19.4996	3339
Now throughput of tcp is : 473096bytes
19.5027	3425
Now throughput of udp is : 123552bytes
19.5046	3508
Now throughput of tcp is : 473096bytes
Now throughput of tcp is : 473096bytes
Now throughput of tcp is : 473096bytes
Now throughput of tcp is : 473096bytes
19.5106	3589
Now throughput of udp is : 123552bytes
Now throughput of tcp is : 473096bytes
19.5137	3669
Now throughput of tcp is : 473096bytes
Now throughput of tcp is : 473096bytes
Now throughput of tcp is : 473096bytes
19.5181	3747
Now throughput of udp is : 123552bytes
Now throughput of tcp is : 473096bytes
19.5216	3823
Now throughput of tcp is : 473096bytes
Now throughput of tcp is : 473096bytes
Now throughput of tcp is : 473096bytes
19.526	3898
Now throughput of udp is : 123552bytes
Now throughput of tcp is : 473096bytes
19.5291	3971
Now throughput of tcp is : 473096bytes
Now throughput of tcp is : 473096bytes
Now throughput of tcp is : 473096bytes
Now throughput of tcp is : 473096bytes
19.5338	4043
19.536	4114
Now throughput of udp is : 123552bytes
Now throughput of tcp is : 473096bytes
Now throughput of tcp is : 473096bytes
Now throughput of tcp is : 473096bytes
Now throughput of tcp is : 473096bytes
19.5412	4183
Now throughput of tcp is : 473096bytes
Now throughput of tcp is : 473096bytes
19.5439	4251
Now throughput of udp is : 123552bytes
19.5461	4318
Now throughput of tcp is : 473096bytes
Now throughput of tcp is : 473096bytes
Now throughput of tcp is : 473096bytes
Now throughput of tcp is : 473096bytes
19.5512	4384
Now throughput of udp is : 123552bytes
19.5539	4449
Now throughput of tcp is : 473096bytes
Now throughput of tcp is : 473096bytes
Now throughput of tcp is : 473096bytes
Now throughput of tcp is : 473096bytes
Now throughput of tcp is : 473096bytes
19.5583	4513
19.5602	4576
Now throughput of udp is : 123552bytes
Now throughput of tcp is : 473096bytes
19.5622	4638
Now throughput of tcp is : 473096bytes
Now throughput of tcp is : 473096bytes
Now throughput of tcp is : 473096bytes
Now throughput of tcp is : 473096bytes
Now throughput of tcp is : 473096bytes
19.5671	4699
19.5693	4760
Now throughput of udp is : 123552bytes
Now throughput of tcp is : 473096bytes
19.5712	4820
Now throughput of tcp is : 473096bytes
Now throughput of tcp is : 473096bytes
Now throughput of tcp is : 473096bytes
Now throughput of tcp is : 473096bytes
19.5756	4879
Now throughput of tcp is : 473096bytes
19.5781	4937
Now throughput of udp is : 123552bytes
Now throughput of tcp is : 473096bytes
19.5803	4995
Now throughput of tcp is : 473096bytes
Now throughput of tcp is : 473096bytes
Now throughput of tcp is : 473096bytes
Now throughput of tcp is : 473096bytes
Now throughput of tcp is : 473096bytes
19.5847	5052
Now throughput of tcp is : 473096bytes
19.5866	5108
Now throughput of udp is : 123552bytes
19.5884	5164
Now throughput of tcp is : 473096bytes
Now throughput of tcp is : 473096bytes
Now throughput of tcp is : 473096bytes
Now throughput of tcp is : 473096bytes
Now throughput of tcp is : 473096bytes
19.5928	5219
Now throughput of tcp is : 473096bytes
19.5947	5274
Now throughput of udp is : 123552bytes
19.5966	5328
Now throughput of tcp is : 473096bytes
Now throughput of tcp is : 473096bytes
Now throughput of tcp is : 473096bytes
Now throughput of tcp is : 473096bytes
Now throughput of tcp is : 473096bytes
19.601	5381
Now throughput of tcp is : 473096bytes
19.6029	5434
Now throughput of udp is : 123552bytes
19.6048	5486
Now throughput of tcp is : 473096bytes
Now throughput of tcp is : 473096bytes
Now throughput of tcp is : 473096bytes
Now throughput of tcp is : 473096bytes
Now throughput of tcp is : 473096bytes
19.6092	5538
Now throughput of tcp is : 473096bytes
Now throughput of tcp is : 473096bytes
19.611	5589
19.6129	5640
Now throughput of udp is : 123552bytes
Now throughput of tcp is : 473096bytes
19.6148	5690
Now throughput of tcp is : 473096bytes
Now throughput of tcp is : 473096bytes
Now throughput of tcp is : 473096bytes
Now throughput of tcp is : 473096bytes
19.619	5740
Now throughput of udp is : 123552bytes
Now throughput of tcp is : 473096bytes
19.6208	5790
Now throughput of tcp is : 473096bytes
Now throughput of tcp is : 473096bytes
19.6245	5839
Now throughput of tcp is : 473096bytes
Now throughput of udp is : 123552bytes
19.6283	5888
Now throughput of tcp is : 473096bytes
Now throughput of tcp is : 473096bytes
Now throughput of tcp is : 473096bytes
19.6327	5936
Now throughput of tcp is : 473096bytes
Now throughput of udp is : 123552bytes
19.6366	5984
Now throughput of tcp is : 473096bytes
Now throughput of tcp is : 473096bytes
Now throughput of tcp is : 473096bytes
19.641	6032
Now throughput of tcp is : 473096bytes
Now throughput of udp is : 123552bytes
19.6449	6079
Now throughput of tcp is : 473096bytes
Now throughput of tcp is : 473096bytes
Now throughput of tcp is : 473096bytes
19.6493	6126
Now throughput of tcp is : 473096bytes
Now throughput of udp is : 123552bytes
19.6533	6172
Now throughput of tcp is : 473096bytes
Now throughput of tcp is : 473096bytes
Now throughput of tcp is : 473096bytes
19.6577	6218
Now throughput of tcp is : 473096bytes
Now throughput of udp is : 123552bytes
19.6616	6264
Now throughput of tcp is : 473096bytes
Now throughput of tcp is : 473096bytes
Now throughput of tcp is : 473096bytes
19.666	6309
Now throughput of tcp is : 473096bytes
Now throughput of udp is : 123552bytes
19.6699	6354
Now throughput of tcp is : 473096bytes
Now throughput of tcp is : 473096bytes
Now throughput of tcp is : 473096bytes
19.6743	6399
Now throughput of tcp is : 473096bytes
Now throughput of udp is : 123552bytes
19.6782	6443
Now throughput of tcp is : 473096bytes
Now throughput of tcp is : 473096bytes
Now throughput of tcp is : 473096bytes
19.6826	6487
Now throughput of tcp is : 473096bytes
Now throughput of udp is : 123552bytes
19.6865	6531
Now throughput of tcp is : 473096bytes
Now throughput of tcp is : 473096bytes
Now throughput of tcp is : 473096bytes
19.6909	6574
Now throughput of tcp is : 473096bytes
Now throughput of udp is : 123552bytes
19.6949	6617
Now throughput of tcp is : 473096bytes
Now throughput of tcp is : 473096bytes
Now throughput of tcp is : 473096bytes
19.6993	6660
Now throughput of tcp is : 473096bytes
Now throughput of udp is : 123552bytes
19.7032	6703
Now throughput of tcp is : 473096bytes
Now throughput of tcp is : 473096bytes
Now throughput of tcp is : 473096bytes
19.7076	6745
Now throughput of tcp is : 473096bytes
Now throughput of udp is : 123552bytes
19.7115	6787
Now throughput of tcp is : 473096bytes
Now throughput of tcp is : 473096bytes
Now throughput of tcp is : 473096bytes
19.7159	6829
Now throughput of tcp is : 473096bytes
Now throughput of udp is : 123552bytes
19.7198	6871
Now throughput of tcp is : 473096bytes
Now throughput of tcp is : 473096bytes
Now throughput of tcp is : 473096bytes
19.7242	6912
Now throughput of tcp is : 473096bytes
Now throughput of udp is : 123552bytes
19.7281	6953
Now throughput of tcp is : 473096bytes
Now throughput of tcp is : 473096bytes
Now throughput of tcp is : 473096bytes
19.7325	6994
Now throughput of tcp is : 473096bytes
Now throughput of udp is : 123552bytes
19.7365	7035
Now throughput of tcp is : 473096bytes
Now throughput of tcp is : 473096bytes
Now throughput of tcp is : 473096bytes
19.7409	7075
Now throughput of tcp is : 473096bytes
Now throughput of udp is : 123552bytes
19.7448	7115
Now throughput of tcp is : 473096bytes
Now throughput of tcp is : 473096bytes
Now throughput of tcp is : 473096bytes
19.7492	7155
Now throughput of tcp is : 473096bytes
Now throughput of udp is : 123552bytes
19.7531	7195
Now throughput of tcp is : 473096bytes
Now throughput of tcp is : 473096bytes
Now throughput of tcp is : 473096bytes
19.7575	7234
Now throughput of tcp is : 473096bytes
Now throughput of udp is : 123552bytes
19.7614	7273
Now throughput of tcp is : 473096bytes
Now throughput of tcp is : 473096bytes
Now throughput of tcp is : 473096bytes
19.7658	7312
Now throughput of tcp is : 473096bytes
Now throughput of udp is : 123552bytes
19.7697	7351
Now throughput of tcp is : 473096bytes
Now throughput of tcp is : 473096bytes
Now throughput of tcp is : 473096bytes
19.7741	7390
Now throughput of tcp is : 473096bytes
Now throughput of udp is : 123552bytes
19.7781	7428
Now throughput of tcp is : 473096bytes
Now throughput of tcp is : 473096bytes
Now throughput of tcp is : 473096bytes
19.7825	7466
Now throughput of tcp is : 473096bytes
Now throughput of udp is : 123552bytes
19.7864	7504
Now throughput of tcp is : 473096bytes
Now throughput of tcp is : 473096bytes
Now throughput of tcp is : 473096bytes
19.7908	7542
Now throughput of tcp is : 473096bytes
Now throughput of udp is : 123552bytes
19.7947	7580
Now throughput of tcp is : 473096bytes
Now throughput of tcp is : 473096bytes
Now throughput of tcp is : 473096bytes
19.7991	7617
Now throughput of tcp is : 473096bytes
Now throughput of udp is : 123552bytes
19.803	7654
Now throughput of tcp is : 473096bytes
Now throughput of tcp is : 473096bytes
Now throughput of tcp is : 473096bytes
19.8074	7691
Now throughput of tcp is : 473096bytes
Now throughput of udp is : 123552bytes
19.8113	7728
Now throughput of tcp is : 473096bytes
Now throughput of tcp is : 473096bytes
Now throughput of tcp is : 473096bytes
19.8157	7765
Now throughput of tcp is : 473096bytes
Now throughput of udp is : 123552bytes
19.8197	7801
Now throughput of tcp is : 473096bytes
Now throughput of tcp is : 473096bytes
Now throughput of tcp is : 473096bytes
19.8241	7837
Now throughput of tcp is : 473096bytes
Now throughput of udp is : 123552bytes
19.828	7873
Now throughput of tcp is : 473096bytes
Now throughput of tcp is : 473096bytes
Now throughput of tcp is : 473096bytes
19.8324	7909
Now throughput of tcp is : 473096bytes
Now throughput of udp is : 123552bytes
19.8363	7945
Now throughput of tcp is : 473096bytes
Now throughput of tcp is : 473096bytes
Now throughput of tcp is : 473096bytes
19.8407	7981
Now throughput of tcp is : 473096bytes
Now throughput of udp is : 123552bytes
19.8446	8016
Now throughput of tcp is : 473096bytes
Now throughput of tcp is : 473096bytes
Now throughput of tcp is : 473096bytes
19.849	8051
Now throughput of tcp is : 473096bytes
Now throughput of udp is : 123552bytes
19.8529	8086
Now throughput of tcp is : 473096bytes
Now throughput of tcp is : 473096bytes
Now throughput of tcp is : 473096bytes
19.8573	8121
Now throughput of tcp is : 473096bytes
Now throughput of udp is : 123552bytes
19.8613	8156
Now throughput of tcp is : 473096bytes
Now throughput of tcp is : 473096bytes
Now throughput of tcp is : 473096bytes
19.8657	8191
Now throughput of tcp is : 473096bytes
Now throughput of udp is : 123552bytes
19.8696	8226
Now throughput of tcp is : 473096bytes
Now throughput of tcp is : 473096bytes
Now throughput of tcp is : 473096bytes
19.874	8260
Now throughput of tcp is : 473096bytes
Now throughput of udp is : 123552bytes
19.8779	8294
Now throughput of tcp is : 473096bytes
Now throughput of tcp is : 473096bytes
Now throughput of tcp is : 473096bytes
19.8823	8328
Now throughput of tcp is : 473096bytes
Now throughput of udp is : 123552bytes
19.8862	8362
Now throughput of tcp is : 473096bytes
Now throughput of tcp is : 473096bytes
Now throughput of tcp is : 473096bytes
19.8906	8396
Now throughput of tcp is : 473096bytes
Now throughput of udp is : 123552bytes
19.8945	8430
Now throughput of tcp is : 473096bytes
Now throughput of tcp is : 473096bytes
Now throughput of tcp is : 473096bytes
19.8989	8464
Now throughput of tcp is : 473096bytes
Now throughput of udp is : 123552bytes
19.9029	8497
Now throughput of tcp is : 473096bytes
Now throughput of tcp is : 473096bytes
Now throughput of tcp is : 473096bytes
19.9073	8530
Now throughput of tcp is : 473096bytes
Now throughput of udp is : 123552bytes
19.9112	8563
Now throughput of tcp is : 473096bytes
Now throughput of tcp is : 473096bytes
Now throughput of tcp is : 473096bytes
19.9156	8596
Now throughput of tcp is : 473096bytes
Now throughput of udp is : 123552bytes
19.9195	8629
Now throughput of tcp is : 473096bytes
Now throughput of tcp is : 473096bytes
Now throughput of tcp is : 473096bytes
19.9239	8662
Now throughput of tcp is : 473096bytes
Now throughput of udp is : 123552bytes
19.9278	8695
Now throughput of tcp is : 473096bytes
Now throughput of tcp is : 473096bytes
Now throughput of tcp is : 473096bytes
19.9322	8728
Now throughput of tcp is : 473096bytes
Now throughput of udp is : 123552bytes
19.9361	8760
Now throughput of tcp is : 473096bytes
Now throughput of tcp is : 473096bytes
Now throughput of tcp is : 473096bytes
19.9405	8792
Now throughput of tcp is : 473096bytes
Now throughput of udp is : 123552bytes
19.9445	8824
Now throughput of tcp is : 473096bytes
Now throughput of tcp is : 473096bytes
Now throughput of tcp is : 473096bytes
19.9489	8856
Now throughput of tcp is : 473096bytes
Now throughput of udp is : 123552bytes
19.9528	8888
Now throughput of tcp is : 473096bytes
Now throughput of tcp is : 473096bytes
Now throughput of tcp is : 473096bytes
19.9572	8920
Now throughput of tcp is : 473096bytes
Now throughput of udp is : 123552bytes
19.9611	8952
Now throughput of tcp is : 473096bytes
Now throughput of tcp is : 473096bytes
Now throughput of tcp is : 473096bytes
19.9655	8984
Now throughput of tcp is : 473096bytes
Now throughput of udp is : 123552bytes
19.9694	9015
Now throughput of tcp is : 473096bytes
Now throughput of tcp is : 473096bytes
Now throughput of tcp is : 473096bytes
19.9738	9046
Now throughput of tcp is : 473096bytes
Now throughput of udp is : 123552bytes
19.9777	9077
Now throughput of tcp is : 473096bytes
Now throughput of tcp is : 473096bytes
Now throughput of tcp is : 473096bytes
19.9821	9108
Now throughput of tcp is : 473096bytes
Now throughput of udp is : 123552bytes
19.9861	9139
Now throughput of tcp is : 473096bytes
Now throughput of tcp is : 473096bytes
Now throughput of tcp is : 473096bytes
19.9905	9170
Now throughput of tcp is : 473096bytes
Now throughput of udp is : 123552bytes
19.9944	9201
Now throughput of tcp is : 473096bytes
Now throughput of tcp is : 473096bytes
Now throughput of tcp is : 473096bytes
19.9988	9232
Now throughput of tcp is : 473096bytes
